
=== fit: 73 fires; tokens sold by block after E1 (millions, summed over the fires) by where the seller bought; E1 buyers' sell count
blk  creation        E1  E1+1..10     later      none E1 share E1 sells
  1       0.0       0.0       0.0       0.0       0.0       0%        0
  2       0.0      56.1       0.0       0.0       0.0     100%        3
  3       0.0      49.0       0.8       0.0       0.0      98%        2
  4       0.0       6.4       3.5       0.0       0.0      64%        1
  5       0.0      16.6       9.2       0.0       0.0      64%        1
  6     218.6       0.0       1.0       0.0       0.0       0%        0
  7      98.3       1.2       6.0       0.0       0.0       1%        1
  8       0.0       0.0       4.5       0.0       0.0       0%        0
  9     183.3       0.0       0.0       0.0       0.0       0%        0
 10     148.3       1.9       0.0       0.0       4.4       1%        2
 11       0.0       4.2       0.0       0.0      14.6      22%        4
 12       0.0     232.5      36.3       0.0      20.1      80%       10
 13       0.0     128.8       0.0       0.0       0.0     100%        3
 14       0.0     128.9       3.8       0.0       0.0      97%        4
 15       1.7     368.2       1.3       0.0       0.0      99%       10
 16       0.0      57.7      16.5       0.0      33.9      53%        2
 17       0.0     151.6       0.0      38.5       0.0      80%        4
 18       0.0      48.7       0.0       0.0       1.0      98%        3
 19       0.0      15.1       1.0       0.0       0.0      94%        2
 20       0.0      10.0       1.6       0.0       0.0      86%        6
 21       0.0       5.6       3.0       0.0       0.0      65%        5
 22       1.7       7.3      29.4       0.0      11.5      15%        3
 23       0.0       0.0      16.1       0.0       0.0       0%        0
 24       0.0       0.0       1.0      15.1      73.0       0%        0
 25       2.1       0.0       0.4       0.0      29.3       0%        0
 26       0.0      46.2       0.0       1.1       0.0      98%       10
 27       0.0      44.4       7.5       0.0      12.2      69%        5
 28       0.0      34.9      23.4       0.0      33.6      38%        3
 29       5.0      36.1       0.0       6.4      46.7      38%        4
 30       0.0      43.5       0.0       0.0     649.8       6%        5

=== rec: 19 fires; tokens sold by block after E1 (millions, summed over the fires) by where the seller bought; E1 buyers' sell count
blk  creation        E1  E1+1..10     later      none E1 share E1 sells
  1       0.0       0.0       0.0       0.0       0.0       0%        0
  2       0.0       2.7       0.0       0.0       0.0     100%        1
  3       0.0       4.4       0.0       0.0       0.0     100%        2
  4       0.0       1.1       0.0       0.0       0.0     100%        1
  5       8.0       0.0       0.0       0.0       0.0       0%        0
  6       0.0       0.0       0.0       0.0       0.0       0%        0
  7       0.0       0.0       0.0       0.0       0.0       0%        0
  8       0.0       0.0       0.0       0.0       0.0       0%        0
  9       0.0       0.0       0.0       0.0       0.0       0%        0
 10       0.0       0.0       0.0       0.0       0.0       0%        0
 11       0.0       0.0       0.0       0.0       0.0       0%        0
 12       0.0      35.2       0.0       0.0       0.0     100%        2
 13       0.0      55.3       0.0       7.8       0.0      88%        2
 14       0.0      42.6       0.0       5.2      19.7      63%        1
 15       0.0      37.9       0.0       0.0       0.0     100%        4
 16      15.5       2.6       0.0       0.0       0.0      14%        1
 17       0.0       0.0       0.3       0.0       0.0       0%        0
 18     115.0       0.0       0.0       0.0       0.0       0%        0
 19       0.0       0.0       0.0       0.0       0.0       0%        0
 20       0.0       6.1       1.5       0.0       0.0      81%        2
 21       0.0       1.3       1.0       0.0       0.0      56%        1
 22       0.0     127.6       1.1       0.0       0.0      99%        2
 23       0.0       0.0       0.0       0.0       0.0       0%        0
 24       5.1       0.0      23.1       0.0       0.0       0%        0
 25       0.0       0.0       1.5       0.3       0.0       0%        0
 26       0.0      10.8       0.0       0.0       0.0     100%        2
 27      55.8       0.0       0.4       0.0       0.0       0%        0
 28       0.0       0.0       0.0       1.5       0.0       0%        0
 29      50.0       1.6       0.0       0.0       0.0       3%        1
 30       5.1       0.0       0.0       8.4      13.7       0%        0
