118 qualifying launches scored, Oct 02 22:29 - Oct 03 22:17 UTC
when          launch       k fleets by block           k-1 tick  k-2  eng   behind1 h11
Oct 02 22:29  0x76c517bf   7 [0, 0, 0, 0, 1, 1, 1, 1]    1    1    1    1         -8.1%
Oct 02 22:32  0xf90e4a86   8 [0, 0, 0, 0, 0, 1, 1, 1, 1]    1    1    1    1         -8.1%
Oct 02 22:37  0x596fe81a   7 [0, 0, 0, 0, 1, 1, 1, 1]    1    1    1    1         -2.4%
Oct 02 22:56  0xbca68a14   8 [0, 0, 0, 0, 1, 1, 1, 1, 1]    1    1    1    1         -8.1%
Oct 02 22:56  0x5ecd0cbb   7 [0, 0, 0, 0, 1, 1, 1, 1]    1    1    1    1         -2.7%
Oct 02 22:58  0x413ec587   8 [0, 0, 0, 0, 0, 1, 1, 1, 1]    1    1    1    1         -8.1%
Oct 02 23:01  0x582f23df   8 [0, 0, 0, 0, 0, 0, 1, 1, 1]    1    0    1    1         -8.1%
Oct 02 23:03  0x558b94b3   8 [0, 0, 0, 0, 0, 0, 1, 1, 1]    1    0    1    1         -8.1%
Oct 02 23:04  0x3299b606   7 [0, 0, 0, 0, 0, 0, 0, 1]    0    0    0    0         -2.3%
Oct 02 23:05  0x4c83c5de   7 [0, 0, 0, 0, 0, 0, 0, 1]    0    0    0    0         -1.9%
Oct 02 23:15  0x81fb65ee   6 [0, 0, 0, 0, 0, 1, 1]       1    0    0    0         +2.1%
Oct 02 23:18  0xfd29625d   8 [0, 0, 0, 0, 0, 1, 1, 1, 1]    1    1    1    1         -8.1%
Oct 02 23:20  0x898a806a   7 [0, 0, 0, 0, 1, 1, 1, 1]    1    1    1    1         +9.6%
Oct 02 23:23  0x13b30cf5   7 [0, 0, 0, 0, 1, 1, 1, 1]    1    1    1    1         -1.8%
Oct 02 23:26  0x0137f1b0   7 [0, 0, 0, 0, 0, 1, 1, 1]    1    1    1    1         -8.1%
Oct 02 23:26  0xe436e051   8 [0, 0, 0, 0, 1, 1, 1, 1, 1]    1    1    1    1         -7.4%
Oct 02 23:35  0x8cd1bab6   8 [0, 0, 0, 0, 0, 1, 1, 1, 1]    1    1    1    1        +26.2%
Oct 02 23:40  0x65985271   7 [0, 0, 0, 0, 1, 1, 1, 1]    1    1    1    1         -2.6%
Oct 02 23:44  0x0c436181   8 [0, 0, 0, 0, 1, 1, 1, 1, 1]    1    1    1    1         -8.1%
Oct 02 23:57  0xec7217a5   6 [0, 0, 0, 0, 0, 0, 0]       0    0    0    0         -2.9%
Oct 03 00:04  0x20ed0ddf   8 [0, 0, 0, 0, 0, 0, 0, 1, 1]    1    0    0    0         -8.1%
Oct 03 00:05  0x4a4042fe   6 [0, 0, 0, 0, 0, 0, 1]       0    0    0    0        +25.4%
Oct 03 00:12  0xc978b2b1   7 [0, 0, 0, 0, 0, 1, 1, 2]    1    1    1    1         -0.8%
Oct 03 00:19  0x23fcf685   7 [0, 0, 0, 0, 0, 1, 1, 1]    1    1    1    1         -2.0%
Oct 03 00:23  0x038b6af3   7 [0, 0, 0, 0, 0, 1, 2, 2]    2    1    1    1         -2.3%
Oct 03 00:29  0x9692ba86   8 [0, 0, 0, 0, 0, 0, 1, 2, 2]    2    0    1    1         +2.9%
Oct 03 00:38  0xd54f7970   7 [0, 0, 0, 0, 0, 0, 2, 2]    2    0    0    0         -1.9%
Oct 03 00:43  0x8c93c9e5   7 [0, 0, 0, 0, 0, 0, 1, 1]    1    0    0    0         +2.9%
Oct 03 00:43  0xd64ada7f   7 [0, 0, 0, 0, 0, 1, 2, 2]    2    1    1    1         -2.6%
Oct 03 00:52  0xf23fefa8   7 [0, 0, 0, 0, 0, 1, 1, 1]    1    1    1    1         -1.3%
Oct 03 01:02  0x4e5ee60e   7 [0, 0, 0, 0, 0, 1, 2, 2]    2    1    1    1         -3.2%
Oct 03 01:05  0x71dce1bf   7 [0, 0, 0, 0, 0, 0, 1, 2]    1    0    0    0         -6.0%
Oct 03 01:19  0x7ba3b468   7 [0, 0, 0, 0, 0, 0, 0, 0]    0    0    0    0         -3.1%
Oct 03 01:37  0x4b7444c2   8 [0, 0, 0, 0, 0, 0, 1, 2, 2]    2    0    1    1         +4.8%
Oct 03 01:37  0x30f1aee4   8 [0, 0, 0, 0, 0, 1, 1, 1, 1]    1    1    1    1        +13.7%
Oct 03 01:38  0x8c5225fe   8 [0, 0, 0, 0, 0, 1, 1, 2, 2]    2    1    1    1         +4.1%
Oct 03 01:39  0x4d5d17b8   7 [0, 0, 0, 0, 0, 1, 1, 1]    1    1    1    1        +15.1%
Oct 03 01:41  0x0d05f552   7 [0, 0, 0, 0, 0, 0, 0, 1]    0    0    0    0         -2.3%
Oct 03 01:41  0x1acbebfa   8 [0, 0, 0, 0, 0, 0, 1, 1, 1]    1    0    1    1         +0.0%
Oct 03 01:42  0x07188ee9   8 [0, 0, 0, 0, 0, 0, 1, 1, 1]    1    0    1    1         +0.0%
Oct 03 01:43  0x079c9d57   8 [0, 0, 0, 0, 0, 0, 1, 1, 1]    1    0    1    1         +0.2%
Oct 03 01:44  0x83cb3401   7 [0, 0, 0, 0, 0, 0, 0, 1]    0    0    0    0         +0.2%
Oct 03 01:46  0x34180ced   8 [0, 0, 0, 0, 0, 0, 1, 1, 1]    1    0    1    1         +0.5%
Oct 03 01:47  0x7a4ce15e   8 [0, 0, 0, 0, 0, 0, 1, 1, 1]    1    0    1    1         -0.9%
Oct 03 01:48  0x15e11151   8 [0, 0, 0, 0, 0, 0, 1, 1, 1]    1    0    1    1         -0.1%
Oct 03 01:48  0x9ccdec58   8 [0, 0, 0, 0, 0, 0, 1, 1, 1]    1    0    1    1         -0.5%
Oct 03 01:50  0x601b6322   8 [0, 0, 0, 0, 0, 0, 1, 2, 2]    2    0    1    1         -4.4%
Oct 03 01:51  0x3ecbc41c   8 [0, 0, 0, 0, 0, 0, 0, 2, 2]    2    0    0    0         -3.9%
Oct 03 01:51  0x0c147f89   8 [0, 0, 0, 0, 0, 0, 0, 1, 1]    1    0    0    0         -3.9%
Oct 03 01:52  0x2bdcd357   8 [0, 0, 0, 0, 0, 0, 0, 0, 0]    0    0    0    0         -3.9%
Oct 03 01:55  0x0ae3567b   8 [0, 0, 0, 0, 0, 0, 0, 1, 1]    1    0    0    0        +20.4%
Oct 03 01:57  0x1489205f   6 [0, 0, 0, 0, 0, 1, 1]       1    0    0    0        +18.0%
Oct 03 02:02  0x3b992007   7 [0, 0, 0, 0, 0, 1, 1, 1]    1    1    1    1         -0.6%
Oct 03 02:04  0x38dea072   8 [0, 0, 0, 0, 0, 0, 1, 1, 1]    1    0    1    1        +13.1%
Oct 03 02:09  0x9609452a   8 [0, 0, 0, 0, 0, 0, 1, 1, 1]    1    0    1    1         +0.5%
Oct 03 02:11  0x55d6c141   8 [0, 0, 0, 0, 0, 0, 1, 2, 2]    2    0    1    1         +8.1%
Oct 03 02:12  0xcc7f097b   8 [0, 0, 0, 0, 0, 0, 1, 1, 1]    1    0    1    1         +1.9%
Oct 03 02:15  0xf3cc8ea4   7 [0, 0, 0, 0, 0, 1, 2, 2]    2    1    1    1         -1.8%
Oct 03 02:15  0x49b6e773   7 [0, 0, 0, 0, 0, 0, 1, 1]    1    0    0    0         +7.4%
Oct 03 02:16  0x4423b8a7   8 [0, 0, 0, 0, 0, 0, 1, 1, 1]    1    0    1    1         +7.7%
Oct 03 02:20  0x075a5641   8 [0, 0, 0, 0, 0, 0, 1, 2, 2]    2    0    1    1        +15.2%
Oct 03 02:30  0x4c2c31a2   6 [0, 0, 0, 0, 0, 1, 1]       1    0    0    0        +27.0%
Oct 03 02:34  0xc94153b7   7 [0, 0, 0, 0, 0, 1, 1, 1]    1    1    1    1         +0.2%
Oct 03 12:12  0x145f8cce   8 [0, 0, 1, 1, 1, 1, 1, 2, 2]    2    1    1    1         +6.4%
Oct 03 16:48  0x63f2a523   8 [0, 0, 1, 1, 1, 1, 1, 2, 2]    2    1    1    1         +6.3%
Oct 03 16:49  0x318c4397   8 [0, 0, 0, 0, 0, 0, 0, 1, 1]    1    0    0    0         +6.0%
Oct 03 16:50  0x5d387d01   8 [0, 0, 0, 0, 0, 0, 0, 1, 1]    1    0    0    0         +5.0%
Oct 03 16:54  0xebcf4b58   8 [0, 0, 0, 0, 0, 0, 0, 1, 1]    1    0    0    0         +1.0%
Oct 03 17:06  0x9a08bcab   6 [0, 0, 0, 0, 0, 2, 2]       2    0    0    0         +0.8%
Oct 03 17:07  0x57f2acdb   8 [0, 0, 0, 0, 0, 1, 1, 2, 2]    2    1    1    1        +17.5%
Oct 03 17:10  0xa7da152c   8 [0, 0, 0, 0, 0, 1, 1, 2, 2]    2    1    1    1        -57.3%
Oct 03 17:12  0x01ef0a1c   8 [0, 0, 0, 0, 1, 1, 1, 2, 2]    2    1    1    1         -3.8%
Oct 03 17:20  0x4ccd689b   7 [0, 0, 0, 0, 1, 1, 1, 1]    1    1    1    1         -1.8%
Oct 03 18:01  0x6719241c   8 [0, 0, 0, 0, 0, 0, 1, 2, 2]    2    0    1    1         +6.2%
Oct 03 18:02  0x258d0163   8 [0, 0, 0, 0, 0, 1, 1, 2, 2]    2    1    1    1         +6.7%
Oct 03 18:04  0xa58fa4a8   8 [0, 0, 0, 0, 0, 1, 1, 1, 2]    1    1    1    1         +4.4%
Oct 03 18:17  0xfdf80de7   8 [0, 0, 0, 0, 0, 0, 1, 2, 2]    2    0    1    1         +2.2%
Oct 03 18:27  0x6ea6b4dd   8 [0, 0, 0, 0, 0, 1, 1, 2, 2]    2    1    1    1         +3.4%
Oct 03 18:32  0x19b39772   8 [0, 0, 0, 0, 0, 0, 1, 2, 2]    2    0    1    1         +4.4%
Oct 03 18:37  0xa3aacce6   8 [0, 0, 0, 0, 0, 0, 0, 1, 2]    1    0    0    0         +2.6%
Oct 03 18:38  0xa35ff5a1   7 [0, 0, 0, 0, 0, 0, 1, 2]    1    0    0    0         +1.2%
Oct 03 18:39  0xe073ff5d   8 [0, 0, 0, 0, 0, 0, 0, 2, 2]    2    0    0    0         +3.7%
Oct 03 18:54  0xf10c4703   6 [0, 0, 0, 0, 0, 1, 2]       1    0    0    0        +28.3%
Oct 03 19:03  0xc18239cf   5 [0, 0, 0, 0, 1, 1]          1    0    0    0        +15.9%
Oct 03 19:11  0x261e98ce   8 [0, 0, 0, 0, 0, 0, 1, 2, 2]    2    0    1    1        +24.6%
Oct 03 19:21  0x919d5813   8 [0, 0, 0, 0, 0, 1, 1, 2, 2]    2    1    1    1        +24.5%
Oct 03 19:22  0x0f8a3742   8 [0, 0, 0, 0, 0, 0, 0, 1, 1]    1    0    0    0        +19.5%
Oct 03 19:24  0xe8faa8b1   7 [0, 0, 0, 0, 0, 1, 2, 2]    2    1    1    1         -4.6%
Oct 03 19:27  0x8a0f15fa   8 [0, 0, 0, 0, 0, 0, 1, 2, 2]    2    0    1    1        +16.7%
Oct 03 19:27  0x4a8d0f18   8 [0, 0, 0, 0, 0, 0, 1, 2, 2]    2    0    1    1        +13.6%
Oct 03 19:42  0xbba58112   8 [0, 0, 0, 0, 0, 1, 1, 2, 2]    2    1    1    1         -2.3%
Oct 03 19:48  0x064b4cda   8 [0, 0, 0, 0, 0, 0, 1, 2, 2]    2    0    1    1        +11.3%
Oct 03 19:52  0x709bf61d   8 [0, 0, 0, 0, 0, 0, 1, 2, 2]    2    0    1    1        +12.9%
Oct 03 20:00  0x2b1e7f1b   7 [0, 0, 0, 0, 0, 1, 2, 2]    2    1    1    1         +2.1%
Oct 03 20:05  0x7bae5d1d   8 [0, 0, 0, 0, 0, 0, 1, 2, 2]    2    0    1    1        +11.5%
Oct 03 20:08  0x3f83751a   7 [0, 0, 0, 0, 0, 0, 1, 1]    1    0    0    0        +14.4%
Oct 03 20:13  0x41c030d6   7 [0, 0, 0, 0, 0, 1, 2, 2]    2    1    1    1         -3.6%
Oct 03 20:16  0xc8909ae4   7 [0, 0, 0, 0, 0, 1, 2, 2]    2    1    1    1         +2.1%
Oct 03 20:20  0x10c3275d   6 [0, 0, 0, 0, 0, 0, 2]       0    0    0    0         +6.4%
Oct 03 20:21  0x04aad585   8 [0, 0, 0, 0, 0, 1, 1, 2, 2]    2    1    1    1         +5.2%
Oct 03 20:26  0xfbbd17fb   8 [0, 0, 0, 0, 0, 1, 1, 2, 2]    2    1    1    1         +4.3%
Oct 03 20:29  0xa5cd80d2   8 [0, 0, 0, 1, 1, 1, 1, 3, 3]    3    1    1    1         +6.3%
Oct 03 20:30  0xc7461026   8 [0, 0, 0, 0, 0, 1, 1, 2, 2]    2    1    1    1         +3.8%
Oct 03 20:36  0xa5989902   7 [0, 0, 0, 0, 0, 1, 2, 2]    2    1    1    1         -1.9%
Oct 03 20:37  0x87b20bd5   8 [0, 0, 0, 0, 0, 0, 0, 1, 1]    1    0    0    0         -1.2%
Oct 03 20:39  0x864e8f0b   7 [0, 0, 0, 0, 0, 0, 1, 1]    1    0    0    0         +2.4%
Oct 03 20:45  0x752a661d   7 [0, 0, 0, 0, 0, 0, 1, 1]    1    0    0    0         -2.5%
Oct 03 20:46  0xa35ff16a   8 [0, 0, 0, 0, 0, 0, 0, 1, 1]    1    0    0    0         +0.4%
Oct 03 20:51  0xc951cc6b   7 [0, 0, 0, 0, 0, 0, 1, 1]    1    0    0    0        +28.0%
Oct 03 21:06  0xf7e61b44   8 [0, 0, 0, 0, 0, 0, 0, 1, 1]    1    0    0    0         +0.8%
Oct 03 21:15  0x4faba3eb   8 [0, 0, 0, 0, 0, 0, 0, 1, 1]    1    0    0    0         +6.3%
Oct 03 21:31  0xe74beb7f   8 [0, 0, 0, 0, 0, 0, 0, 0, 0]    0    0    0    0        +21.9%
Oct 03 21:32  0xf5194833   7 [0, 0, 0, 0, 0, 0, 0, 1]    0    0    0    0        +25.4%
Oct 03 21:38  0x88a481a1   8 [0, 0, 0, 0, 0, 0, 0, 1, 1]    1    0    0    0        +21.3%
Oct 03 21:57  0xf8c11c7a   7 [0, 0, 0, 0, 0, 0, 1, 1]    1    0    0    0         +4.9%
Oct 03 22:05  0xcbb6803a   7 [0, 0, 0, 0, 0, 0, 0, 0]    0    0    0    0         +5.0%
Oct 03 22:15  0x862bec96   7 [0, 0, 1, 1, 1, 1, 2, 2]    2    1    1    1         +6.5%
Oct 03 22:17  0xd71b7e4f   7 [0, 0, 0, 0, 0, 0, 0, 0]    0    0    0    0        +17.7%

k-1                   42 fires  mean  +3.4%  median  +4.0%  win 69%  dead  2%  $+4.95 total at $13 after gas
tick's shot (0.76)   0 fires
k-2                  0 fires
ENGINE (k-2 after registration) 0 fires
refused (k-1 < 2)     76        mean  +3.9%  median  +0.3%  win 57%
