53 qualifying launches scored, Sep 30 22:52 - Oct 01 21:40 UTC
when          launch       k fleets by block           k-1 tick  k-2  eng   behind1 h11
Sep 30 22:52  0xf2aac710   7 [0, 0, 0, 0, 0, 0, 1, 2]    1    0    0    0        +24.8%
Oct 01 05:36  0xe9391428   6 [0, 1, 1, 1, 1, 1, 2]       1    1    1    1         -7.8%
Oct 01 09:12  0x135bd428   9 [0, 0, 0, 0, 0, 0, 0, 0, 1, 1]    1    0    0    0         -3.9%
Oct 01 09:24  0x31aa00e3   7 [0, 0, 0, 0, 0, 0, 0, 0]    0    0    0    0         -7.3%
Oct 01 09:45  0x3d3842ef   5 [0, 0, 0, 0, 0, 0]          0    0    0    0         -7.9%
Oct 01 14:35  0xfa19b410   8 [0, 0, 0, 0, 0, 0, 0, 0, 0]    0    0    0    0         -8.0%
Oct 01 14:43  0x6140d122   5 [0, 0, 0, 0, 0, 0]          0    0    0    0         -8.1%
Oct 01 14:53  0x9e651ec8   2 [0, 1, 1]                   1    1    0    0         -8.1%
Oct 01 15:01  0x70551418   0 [0]                         0    0    0    0         -7.7%
Oct 01 15:05  0x4169bff0   7 [0, 0, 0, 0, 0, 0, 0, 0]    0    0    0    0         -8.1%
Oct 01 15:07  0x2d6e36fa   8 [0, 1, 1, 1, 1, 1, 1, 1, 1]    1    1    1    1         -7.9%
Oct 01 15:11  0xfb9ac521   7 [0, 1, 1, 1, 1, 1, 1, 1]    1    1    1    1         -8.1%
Oct 01 15:14  0x1b4292ce   7 [0, 0, 0, 0, 0, 0, 0, 1]    0    0    0    0        +17.5%
Oct 01 15:19  0x374e8700   7 [0, 0, 0, 0, 0, 0, 1, 1]    1    0    0    0         -0.5%
Oct 01 15:22  0x84e59d0e   7 [0, 0, 0, 0, 0, 0, 1, 1]    1    0    0    0         +2.3%
Oct 01 15:24  0x3cdd2787   6 [0, 0, 0, 0, 0, 0, 1]       0    0    0    0         +3.4%
Oct 01 15:26  0x758ca1b0   7 [0, 0, 0, 0, 0, 1, 1, 1]    1    1    1    1         +6.1%
Oct 01 15:32  0x49597ffe   6 [0, 0, 1, 1, 1, 1, 1]       1    1    1    1         -0.6%
Oct 01 15:33  0x2716e09d   7 [0, 0, 0, 0, 0, 1, 1, 2]    1    1    1    1        +15.5%
Oct 01 15:41  0x13b458c9   1 [0, 1]                      0    0    0    0         -8.1%
Oct 01 15:45  0x3720fa98   1 [0, 1]                      0    0    0    0         -8.1%
Oct 01 16:03  0x8566e70d   6 [0, 0, 0, 0, 0, 0, 0]       0    0    0    0         -0.4%
Oct 01 16:11  0xfafc4f18   4 [0, 0, 0, 0, 0]             0    0    0    0        +12.1%
Oct 01 16:21  0x5bc2a9c6   4 [0, 0, 0, 0, 0]             0    0    0    0         -2.5%
Oct 01 16:21  0xd24c3cfd   4 [0, 0, 0, 0, 0]             0    0    0    0         +0.2%
Oct 01 16:29  0x6148d5cb   6 [0, 0, 0, 0, 0, 0, 0]       0    0    0    0         -8.1%
Oct 01 16:34  0x2aa309de   7 [0, 0, 1, 1, 1, 1, 1, 1]    1    1    1    1         -2.0%
Oct 01 16:34  0xe79fe300   7 [0, 0, 0, 0, 0, 0, 0, 0]    0    0    0    0         +4.6%
Oct 01 16:37  0x8b0eaad5   1 [0, 1]                      0    0    0    0         +5.2%
Oct 01 16:37  0x79b22dc2   7 [0, 0, 0, 0, 0, 0, 1, 1]    1    0    0    0         -8.1%
Oct 01 16:42  0xa50fee78   4 [0, 0, 0, 0, 0]             0    0    0    0         +9.5%
Oct 01 16:46  0x70fc3d1b   7 [0, 0, 0, 0, 0, 0, 1, 1]    1    0    0    0         -0.5%
Oct 01 17:19  0xbb637484   7 [0, 0, 0, 0, 0, 0, 0, 1]    0    0    0    0        +23.4%
Oct 01 17:23  0xf6eae13c   3 [0, 0, 0, 0]                0    0    0    0         +6.5%
Oct 01 17:25  0xec5dfee6   7 [0, 1, 1, 1, 1, 1, 1, 1]    1    1    1    1        +18.6%
Oct 01 17:26  0xb997141f   8 [0, 0, 0, 0, 0, 0, 0, 0, 0]    0    0    0    0         -7.9%
Oct 01 17:35  0xda6cd9b3   7 [0, 0, 0, 0, 1, 1, 1, 1]    1    1    1    1         -7.9%
Oct 01 17:51  0x35e95908   7 [0, 0, 0, 0, 0, 0, 0, 0]    0    0    0    0         +0.8%
Oct 01 17:57  0x7b9422d1   7 [0, 0, 0, 0, 0, 0, 1, 1]    1    0    0    0        +13.9%
Oct 01 17:59  0x01cc9b04   7 [0, 0, 0, 0, 0, 0, 1, 1]    1    0    0    0         +1.2%
Oct 01 18:02  0xb8419d64   7 [0, 0, 0, 0, 0, 0, 0, 0]    0    0    0    0         +0.5%
Oct 01 18:31  0x4f2ee166   8 [0, 0, 0, 0, 0, 0, 0, 1, 1]    1    0    0    0         -8.1%
Oct 01 20:10  0x16fb392d   6 [0, 0, 0, 1, 1, 1, 2]       1    1    1    1         +6.1%
Oct 01 20:13  0xa7a6827a   7 [0, 0, 0, 0, 0, 0, 1, 2]    1    0    0    0         +7.4%
Oct 01 20:32  0x4bd8348d   6 [0, 0, 0, 1, 1, 1, 2]       1    1    1    1         -1.7%
Oct 01 20:46  0x74571e1a   7 [0, 0, 1, 1, 1, 1, 1, 1]    1    1    1    1        +13.3%
Oct 01 20:55  0x33fa6abc   7 [0, 0, 0, 0, 0, 0, 1, 1]    1    0    0    0        -67.7%
Oct 01 20:58  0xb15ead0f   9 [0, 0, 0, 0, 0, 0, 0, 0, 0, 1]    0    0    0    0         -3.0%
Oct 01 20:58  0x354ca331   8 [0, 0, 0, 0, 0, 0, 0, 0, 1]    0    0    0    0        -71.0%
Oct 01 21:25  0xdcacafe7   7 [0, 0, 0, 0, 0, 1, 2, 2]    2    1    1    1        +30.5%
Oct 01 21:30  0x15b4a9b4   7 [0, 0, 0, 0, 0, 0, 1, 2]    1    0    0    0         -2.2%
Oct 01 21:36  0xf8d5c7c8   7 [0, 0, 0, 0, 0, 1, 1, 2]    1    1    1    1        +28.1%
Oct 01 21:40  0xee11051e   7 [0, 0, 0, 0, 0, 1, 1, 2]    1    1    1    1         +1.0%

k-1                    1 fires  mean +30.5%  median +30.5%  win 100%  dead  0%  $+3.64 total at $13 after gas
tick's shot (0.76)   0 fires
k-2                  0 fires
ENGINE (k-2 after registration) 0 fires
refused (k-1 < 2)     52        mean  -1.3%  median  -0.6%  win 44%
