36 qualifying launches scored, Oct 07 01:04 - Oct 08 21:45 UTC
when          launch       k fleets by block           k-1 tick  k-2  eng   behind1 h11
Oct 07 01:04  0x15049717   8 [0, 0, 0, 0, 0, 0, 0, 0, 0]    0    0    0    0         -7.0%
Oct 07 01:18  0x9b3603b0   8 [0, 0, 0, 0, 0, 0, 0, 0, 0]    0    0    0    0         -6.9%
Oct 07 14:41  0xcc8355af   7 [0, 0, 0, 0, 0, 0, 1, 1]    1    0    0    0         +7.1%
Oct 07 17:07  0xe89f4da5   5 [0, 0, 0, 0, 0, 1]          0    0    0    0         +6.9%
Oct 07 18:02  0x1c38db64   8 [0, 0, 0, 0, 0, 0, 0, 1, 1]    1    0    0    0         -8.1%
Oct 07 18:45  0x855f925d   9 [0, 0, 0, 0, 0, 0, 0, 0, 1, 1]    1    0    0    0         -6.5%
Oct 07 20:49  0xf9886a07   8 [0, 0, 0, 0, 0, 0, 0, 2, 2]    2    0    0    0        +16.5%
Oct 07 20:49  0x91e6d20f   8 [0, 0, 0, 0, 0, 0, 0, 0, 0]    0    0    0    0         -7.1%
Oct 07 21:04  0x5b5a1636   7 [0, 0, 0, 0, 0, 0, 0, 2]    0    0    0    0        +11.5%
Oct 07 21:12  0xcb8774ef   7 [0, 0, 0, 0, 0, 0, 2, 2]    2    0    0    0         -8.0%
Oct 07 21:23  0x628d9f4e   7 [0, 0, 0, 0, 0, 0, 1, 2]    1    0    0    0        -55.2%
Oct 07 21:25  0x29c1cd46   7 [0, 0, 0, 0, 0, 0, 1, 1]    1    0    0    0        -55.8%
Oct 07 21:29  0xbf84c548   8 [0, 0, 0, 0, 0, 0, 0, 2, 2]    2    0    0    0        +46.1%
Oct 07 21:37  0x8f87b2fc   8 [0, 0, 0, 0, 0, 0, 0, 1, 2]    1    0    0    0        +57.0%
Oct 07 22:37  0xb15e88bf   7 [0, 0, 0, 0, 0, 0, 0, 0]    0    0    0    0         +1.6%
Oct 08 14:48  0xfa7464b5   8 [0, 0, 0, 0, 0, 0, 0, 0, 0]    0    0    0    0         -2.5%
Oct 08 15:03  0xbd4c52b6   8 [0, 0, 0, 0, 0, 0, 0, 0, 0]    0    0    0    0         +2.8%
Oct 08 15:06  0x574acf72   8 [0, 0, 0, 0, 0, 0, 0, 0, 0]    0    0    0    0         +3.2%
Oct 08 15:07  0x529e6940   7 [0, 0, 0, 0, 0, 0, 0, 0]    0    0    0    0         +2.6%
Oct 08 15:18  0x3345833c   8 [0, 0, 0, 0, 0, 0, 0, 0, 1]    0    0    0    0         -3.0%
Oct 08 15:37  0x62c43098   6 [0, 0, 0, 0, 0, 0, 0]       0    0    0    0        +17.8%
Oct 08 15:44  0xa99fe449   7 [0, 0, 0, 0, 0, 0, 0, 0]    0    0    0    0         +7.8%
Oct 08 15:47  0xbd79f9ca   6 [0, 0, 0, 0, 0, 0, 1]       0    0    0    0         -1.3%
Oct 08 15:48  0x3be97fa8   7 [0, 0, 0, 0, 0, 0, 0, 0]    0    0    0    0        -57.4%
Oct 08 15:49  0x5a1fe30f   8 [0, 1, 1, 1, 1, 1, 1, 1, 1]    1    1    1    1        +10.2%
Oct 08 15:51  0xba3d9ec6   8 [0, 0, 0, 0, 0, 0, 0, 0, 0]    0    0    0    0         +6.3%
Oct 08 15:54  0x182ef283   8 [0, 0, 0, 0, 0, 0, 0, 0, 0]    0    0    0    0         +7.2%
Oct 08 15:58  0x63c4c554   7 [0, 0, 0, 0, 0, 0, 0, 0]    0    0    0    0         -8.1%
Oct 08 16:17  0x50f5cbde   7 [0, 0, 0, 0, 0, 0, 0, 0]    0    0    0    0         -3.6%
Oct 08 16:19  0x1f3ad3a6   6 [0, 0, 0, 0, 0, 0, 0]       0    0    0    0         +4.5%
Oct 08 16:24  0xb0495ae2   7 [0, 0, 0, 0, 0, 0, 0, 0]    0    0    0    0        +16.3%
Oct 08 16:25  0xbcb3ab97   8 [0, 0, 0, 0, 0, 0, 0, 0, 0]    0    0    0    0         +2.3%
Oct 08 16:28  0xfc9721c2   8 [0, 0, 0, 0, 0, 0, 0, 0, 0]    0    0    0    0         +1.8%
Oct 08 16:31  0x57cefe19   7 [0, 0, 0, 0, 0, 0, 0, 0]    0    0    0    0        +35.4%
Oct 08 21:43  0x907211aa   8 [0, 0, 0, 0, 0, 0, 0, 0, 0]    0    0    0    0        -55.7%
Oct 08 21:45  0x9d29b4ef   8 [0, 1, 1, 1, 1, 1, 1, 1, 1]    1    1    1    1         -8.1%

k-1                    3 fires  mean +18.2%  median +16.5%  win 67%  dead  0%  $+6.12 total at $13 after gas
tick's shot (0.76)   0 fires
k-2                  0 fires
ENGINE (k-2 after registration) 0 fires
refused (k-1 < 2)     33        mean  -2.5%  median  +1.8%  win 55%
