36 qualifying launches scored, Sep 27 10:42 - Sep 27 22:39 UTC
when          launch       k fleets by block           k-1 tick  k-2  eng   behind1 h11
Sep 27 10:42  0xd0be5ddc   7 [0, 0, 0, 0, 0, 0, 1, 1]    1    0    0    0         -3.6%
Sep 27 10:45  0xa03dda50   7 [0, 0, 0, 0, 0, 0, 0, 0]    0    0    0    0         -7.4%
Sep 27 13:31  0x80249da2   7 [0, 0, 0, 0, 0, 0, 0, 0]    0    0    0    0         -8.1%
Sep 27 15:47  0x7914bdab   9 [0, 0, 0, 0, 0, 0, 0, 0, 0, 0]    0    0    0    0         -4.1%
Sep 27 16:03  0x92dacc7e   7 [0, 0, 0, 0, 0, 0, 1, 1]    1    0    0    0         -8.1%
Sep 27 17:25  0xa74c81b0   7 [0, 0, 0, 0, 0, 0, 0, 1]    0    0    0    0         +9.1%
Sep 27 17:46  0xf15d4881   8 [0, 0, 0, 0, 0, 0, 0, 1, 2]    1    0    0    0         -8.1%
Sep 27 17:55  0xb9ab811a   0 [0]                         0    0    0    0         -4.4%
Sep 27 17:59  0xcf553df5   2 [0, 0, 0]                   0    0    0    0         -8.1%
Sep 27 18:07  0xb2363590   8 [0, 0, 0, 0, 0, 0, 0, 0, 2]    0    0    0    0         -8.1%
Sep 27 18:14  0x2fcbc1f2   2 [0, 0, 0]                   0    0    0    0         -6.8%
Sep 27 18:14  0x81201cfd   7 [0, 0, 0, 0, 0, 0, 1, 2]    1    0    0    0         -8.1%
Sep 27 18:21  0x4ecb15a5   0 [0]                         0    0    0    0         -7.6%
Sep 27 18:23  0xaeca8dd7   7 [0, 0, 0, 0, 0, 0, 0, 1]    0    0    0    0         -8.1%
Sep 27 18:32  0x67c077c5   9 [0, 0, 0, 0, 0, 0, 0, 0, 0, 0]    0    0    0    0         -7.3%
Sep 27 18:32  0xace39182   7 [0, 0, 0, 0, 0, 0, 0, 1]    0    0    0    0         -2.8%
Sep 27 18:34  0x7aae5aa4   7 [0, 0, 0, 0, 0, 0, 1, 2]    1    0    0    0         -8.1%
Sep 27 18:44  0x1494e7a3   9 [0, 0, 0, 1, 1, 1, 1, 1, 2, 3]    2    1    1    1         -7.3%
Sep 27 18:45  0x2d1c0898   6 [0, 1, 1, 1, 1, 1, 3]       1    1    1    1        +25.4%
Sep 27 18:56  0x0f71ac22   8 [0, 0, 0, 0, 1, 1, 1, 1, 3]    1    1    1    1         -5.7%
Sep 27 19:10  0x1bc7db3b   7 [0, 0, 1, 1, 1, 1, 1, 2]    1    1    1    1         +5.6%
Sep 27 19:34  0xfea31843   4 [0, 0, 0, 0, 0]             0    0    0    0         -8.1%
Sep 27 19:39  0x307a7199   4 [0, 0, 0, 0, 2]             0    0    0    0         -5.2%
Sep 27 19:43  0x3ef6aea6   7 [0, 0, 1, 1, 1, 1, 1, 3]    1    1    1    1         -5.4%
Sep 27 19:50  0xeffad888   0 [0]                         0    0    0    0         -7.7%
Sep 27 19:56  0xbaa719c9   7 [0, 0, 0, 0, 0, 0, 0, 1]    0    0    0    0         -7.8%
Sep 27 20:07  0x1e9a8dd8   6 [0, 0, 0, 0, 0, 0, 1]       0    0    0    0        +11.7%
Sep 27 20:23  0xf6666d6f   7 [0, 0, 0, 0, 0, 0, 0, 2]    0    0    0    0        +19.1%
Sep 27 20:32  0x32fe57f6   6 [0, 0, 0, 0, 0, 1, 2]       1    0    0    0        +26.9%
Sep 27 20:40  0x89030224   7 [0, 0, 0, 0, 0, 0, 1, 2]    1    0    0    0         -8.1%
Sep 27 20:40  0x36c3d135   6 [0, 0, 0, 0, 0, 1, 2]       1    0    0    0         -0.4%
Sep 27 20:48  0x52e53ee4   7 [0, 0, 0, 0, 0, 0, 0, 1]    0    0    0    0         -3.4%
Sep 27 22:22  0xf2d1c2b3   7 [0, 0, 0, 0, 0, 0, 0, 1]    0    0    0    0         -5.4%
Sep 27 22:24  0x0c31d8f3   7 [0, 0, 0, 0, 0, 0, 0, 1]    0    0    0    0         -0.7%
Sep 27 22:28  0x01cf2c04   7 [0, 0, 0, 0, 0, 0, 0, 1]    0    0    0    0         +3.5%
Sep 27 22:39  0x9f06d7aa   7 [0, 0, 0, 0, 0, 0, 0, 1]    0    0    0    0         -8.0%

k-1                    1 fires  mean  -7.3%  median  -7.3%  win  0%  dead  0%  $-1.28 total at $13 after gas
tick's shot (0.76)   0 fires
k-2                  0 fires
ENGINE (k-2 after registration) 0 fires
refused (k-1 < 2)     35        mean  -2.1%  median  -5.7%  win 20%
