95 qualifying launches scored, Oct 01 05:27 - Oct 01 20:48 UTC
when          launch       k fleets by block           k-1 tick  k-2  eng   behind1 h11
Oct 01 05:27  0x8e580d40   5 [0, 0, 0, 0, 2, 3]          2    0    0    0         +2.7%
Oct 01 06:44  0x2f8ebe20   2 [0, 0, 1]                   0    0    0    0         -9.9%
Oct 01 07:39  0x3bfcd4ef   6 [0, 0, 0, 0, 1, 3, 5]       3    1    1    1        +78.5%
Oct 01 07:46  0x680c95a2   4 [0, 0, 2, 3, 4]             3    2    2    2         -1.1%
Oct 01 09:26  0x67102773   6 [1, 3, 4, 4, 4, 4, 4]       4    4    4    4         +4.6%
Oct 01 09:33  0x2afb2fb9   9 [0, 0, 0, 0, 0, 0, 0, 0, 0, 0]    0    0    0    0        -11.9%
Oct 01 10:01  0x76db9789   7 [0, 0, 0, 0, 0, 0, 0, 0]    0    0    0    0        -11.1%
Oct 01 10:04  0xdd07d075   6 [0, 0, 0, 0, 0, 0, 0]       0    0    0    0        -11.9%
Oct 01 10:08  0xcb308200   7 [0, 0, 0, 0, 0, 0, 0, 0]    0    0    0    0        -11.9%
Oct 01 10:36  0xd4ee44c6   7 [0, 0, 0, 0, 0, 0, 0, 0]    0    0    0    0        -10.0%
Oct 01 11:07  0xfcdfe55d   7 [0, 0, 0, 0, 0, 0, 0, 0]    0    0    0    0        -11.9%
Oct 01 11:11  0x59411a81   8 [0, 0, 0, 0, 0, 0, 0, 0, 0]    0    0    0    0        -11.9%
Oct 01 11:17  0x3ef77e5b   7 [0, 0, 0, 0, 0, 0, 0, 0]    0    0    0    0        -11.9%
Oct 01 12:42  0x48a033e5   7 [0, 0, 0, 0, 0, 0, 0, 0]    0    0    0    0        -11.1%
Oct 01 12:45  0x7bcc1d08   6 [0, 0, 0, 0, 0, 0, 0]       0    0    0    0        -11.9%
Oct 01 12:56  0xfe5111f7   9 [0, 0, 0, 0, 0, 0, 0, 0, 0, 0]    0    0    0    0        -10.0%
Oct 01 13:28  0x0fac8595   7 [0, 1, 1, 1, 1, 1, 1, 1]    1    1    1    1         +2.7%
Oct 01 13:49  0x359249ca   8 [0, 1, 2, 2, 3, 3, 3, 3, 4]    3    3    3    3         -1.0%
Oct 01 14:02  0x647f353d   3 [0, 0, 0, 0]                0    0    0    0        -11.5%
Oct 01 14:05  0x0dd80b97   6 [0, 0, 0, 0, 0, 0, 0]       0    0    0    0        -13.8%
Oct 01 14:18  0xc9eabe4d   2 [0, 0, 3]                   0    0    0    0         +1.4%
Oct 01 14:23  0xb487c258   6 [0, 0, 0, 0, 3, 4, 5]       4    3    3    3         -8.9%
Oct 01 14:25  0x96965230   1 [0, 1]                      0    0    0    0        +46.8%
Oct 01 14:26  0x3dd0b2af   5 [0, 0, 0, 1, 2, 3]          2    1    1    1        -11.7%
Oct 01 14:33  0xd0f6217b   5 [0, 0, 0, 0, 0, 0]          0    0    0    0        -12.6%
Oct 01 14:37  0xe6e96519   1 [0, 0]                      0    0    0    0        -11.9%
Oct 01 14:38  0xc6920b48   3 [0, 0, 0, 1]                0    0    0    0        -11.5%
Oct 01 14:44  0x8f327d0f   6 [0, 0, 0, 0, 0, 0, 0]       0    0    0    0        -10.0%
Oct 01 14:47  0x6a7ce24e   5 [0, 0, 0, 0, 1, 1]          1    0    0    0        -12.4%
Oct 01 14:52  0xe6e513b9   6 [0, 0, 0, 0, 1, 1, 1]       1    1    1    1        -12.2%
Oct 01 14:56  0xbb999c72   8 [0, 0, 0, 0, 0, 0, 0, 1, 1]    1    0    0    0        -11.9%
Oct 01 14:59  0x8d95793b   7 [0, 0, 0, 0, 0, 0, 0, 0]    0    0    0    0        -11.9%
Oct 01 15:07  0x83e7af07   7 [0, 0, 0, 0, 0, 0, 0, 0]    0    0    0    0        -11.9%
Oct 01 15:12  0x2d0a86f0   6 [0, 0, 0, 0, 0, 0, 0]       0    0    0    0        -10.7%
Oct 01 15:15  0xcbcce158   5 [0, 0, 0, 0, 2, 2]          2    0    0    0         -7.3%
Oct 01 15:25  0x116b8848   1 [0, 1]                      0    0    0    0        -11.3%
Oct 01 15:36  0x8c42643b   6 [0, 0, 2, 3, 3, 3, 3]       3    3    3    3         -9.8%
Oct 01 15:40  0xe5a1cf87   4 [0, 0, 0, 1, 1]             1    0    0    0        -12.4%
Oct 01 15:43  0x469a7f8f   7 [0, 0, 0, 0, 0, 0, 0, 0]    0    0    0    0        -11.9%
Oct 01 15:44  0x9c494323   5 [0, 1, 1, 1, 1, 1]          1    1    1    1        -11.3%
Oct 01 15:56  0x96f8a324   5 [0, 0, 0, 0, 0, 1]          0    0    0    0         -9.4%
Oct 01 16:01  0x965d1416   7 [0, 0, 0, 0, 0, 0, 0, 0]    0    0    0    0        -11.7%
Oct 01 16:02  0x5ab5ef18   7 [0, 0, 0, 0, 0, 0, 0, 0]    0    0    0    0        -11.9%
Oct 01 16:03  0xaab45353   6 [0, 0, 0, 0, 2, 2, 2]       2    2    2    2         -4.8%
Oct 01 16:06  0x19cbfa2f   5 [0, 1, 1, 1, 1, 1]          1    1    1    1        -12.0%
Oct 01 16:14  0xc49cf3c8   7 [0, 0, 0, 0, 0, 0, 0, 0]    0    0    0    0         -8.5%
Oct 01 16:15  0x0bf88789   7 [0, 0, 0, 0, 0, 0, 0, 0]    0    0    0    0        -11.9%
Oct 01 16:20  0x483994df   6 [0, 0, 0, 0, 0, 0, 0]       0    0    0    0        -11.9%
Oct 01 16:23  0xeffdbe72   7 [0, 0, 0, 0, 0, 0, 0, 0]    0    0    0    0        -11.0%
Oct 01 16:24  0x5f4d1c29   7 [0, 0, 0, 1, 1, 1, 2, 2]    2    1    1    1         +6.2%
Oct 01 16:28  0x370674d8   8 [0, 0, 0, 0, 0, 0, 1, 1, 1]    1    0    1    1        -10.4%
Oct 01 16:28  0x21673ff2   6 [0, 0, 0, 0, 0, 0, 0]       0    0    0    0        -11.0%
Oct 01 16:31  0xef0ce8f6   8 [0, 0, 0, 0, 0, 0, 0, 0, 0]    0    0    0    0        -11.0%
Oct 01 16:45  0x90da92d0   7 [0, 0, 0, 0, 0, 0, 0, 0]    0    0    0    0        -11.0%
Oct 01 16:50  0x9ad1b6e1   7 [0, 0, 0, 0, 0, 1, 1, 1]    1    1    1    0        -11.0%
Oct 01 16:54  0x5bf8861e   7 [0, 0, 0, 0, 0, 0, 0, 0]    0    0    0    0        -11.7%
Oct 01 17:08  0xb3e331b7   6 [0, 1, 1, 1, 1, 1, 1]       1    1    1    1         -9.6%
Oct 01 17:31  0x4e520dae   3 [0, 0, 2, 4]                2    2    0    0        +45.5%
Oct 01 17:32  0xa097d1c8   6 [0, 0, 0, 0, 0, 0, 1]       0    0    0    0        -11.6%
Oct 01 17:33  0xf303a5c9   2 [0, 2, 3]                   2    2    0    0        +26.9%
Oct 01 17:39  0xfc59debd   6 [0, 0, 0, 0, 0, 0, 0]       0    0    0    0        -11.7%
Oct 01 17:42  0xd1d1717c   7 [0, 0, 0, 0, 0, 0, 0, 0]    0    0    0    0        -11.8%
Oct 01 17:52  0xdc9cefd0   6 [0, 0, 0, 0, 2, 3, 6]       3    2    2    2         -2.0%
Oct 01 18:03  0x6d616ca6   5 [0, 1, 1, 2, 2, 3]          2    2    2    2        +27.0%
Oct 01 18:04  0x927a2a94   7 [0, 0, 0, 0, 0, 0, 0, 0]    0    0    0    0        -11.7%
Oct 01 18:19  0x5ad8d605   3 [0, 0, 0, 0]                0    0    0    0        -11.9%
Oct 01 18:25  0xfcb0992f   1 [0, 0]                      0    0    0    0        -11.4%
Oct 01 18:28  0xa57ea4c6   8 [0, 0, 0, 0, 0, 0, 1, 3, 4]    3    0    1    1        +17.3%
Oct 01 18:31  0xb2d3f87a   4 [0, 0, 0, 1, 1]             1    0    0    0        -11.4%
Oct 01 18:37  0x426a252e   7 [0, 0, 0, 0, 0, 0, 0, 0]    0    0    0    0        -11.9%
Oct 01 18:39  0xd98f436a   4 [0, 0, 0, 0, 0]             0    0    0    0        -11.9%
Oct 01 18:43  0xc82e81ca   4 [0, 3, 4, 4, 4]             4    4    4    4         +8.0%
Oct 01 18:53  0x19623dc4   5 [0, 0, 0, 0, 0, 0]          0    0    0    0        -11.8%
Oct 01 19:11  0x824029c3   8 [0, 0, 0, 0, 0, 0, 0, 0, 0]    0    0    0    0        -11.7%
Oct 01 19:19  0xe37e1b59   7 [0, 0, 0, 0, 0, 0, 0, 0]    0    0    0    0        -11.7%
Oct 01 19:22  0x62a229f1   4 [0, 0, 0, 1, 1]             1    0    0    0        -63.2%
Oct 01 19:33  0x9b23f688   8 [0, 0, 0, 0, 0, 0, 0, 0, 0]    0    0    0    0        -11.9%
Oct 01 19:35  0x24ce615a   4 [0, 0, 0, 0, 0]             0    0    0    0        -11.9%
Oct 01 19:42  0x11f9b74e   1 [0, 0]                      0    0    0    0         -6.6%
Oct 01 19:48  0x3ebb81d5   4 [0, 0, 1, 2, 3]             2    1    1    1         -9.5%
Oct 01 19:57  0xcc00f583   9 [0, 0, 0, 0, 0, 0, 0, 0, 0, 0]    0    0    0    0        -11.9%
Oct 01 20:03  0x7036fac7   5 [0, 0, 0, 0, 0, 0]          0    0    0    0        -11.7%
Oct 01 20:03  0xa0609ef2   7 [0, 0, 0, 0, 0, 0, 0, 1]    0    0    0    0        -12.1%
Oct 01 20:03  0xf58f089e   6 [0, 0, 0, 0, 0, 2, 2]       2    0    0    0        -76.6%
Oct 01 20:08  0x0cad4332   9 [0, 1, 2, 2, 2, 2, 2, 2, 2, 2]    2    2    2    2         -5.8%
Oct 01 20:14  0xffa65606   6 [0, 0, 0, 0, 0, 0, 0]       0    0    0    0        -11.8%
Oct 01 20:14  0x97332427   6 [0, 0, 0, 0, 0, 0, 1]       0    0    0    0        -11.8%
Oct 01 20:15  0xaf138a0a   5 [0, 0, 0, 0, 0, 1]          0    0    0    0         +1.7%
Oct 01 20:17  0xc74dbcd1   8 [0, 0, 0, 0, 0, 0, 0, 0, 0]    0    0    0    0        -11.8%
Oct 01 20:17  0x82191b13   3 [0, 0, 0, 1]                0    0    0    0        -11.0%
Oct 01 20:18  0xaa0642e9   4 [0, 0, 0, 0, 1]             0    0    0    0        -11.8%
Oct 01 20:28  0x5b3181d5   8 [0, 0, 0, 0, 0, 0, 0, 2, 4]    2    0    0    0         -8.9%
Oct 01 20:31  0x2d9b9894   7 [0, 0, 0, 0, 0, 0, 0, 0]    0    0    0    0        -11.7%
Oct 01 20:45  0x0e354e61   5 [0, 0, 0, 3, 3, 3]          3    3    3    3        -58.5%
Oct 01 20:48  0x54b884e0   7 [0, 0, 0, 0, 0, 0, 0, 1]    0    0    0    0         -4.2%

k-1                   22 fires  mean  +0.5%  median  -1.5%  win 41%  dead  9%  $-5.86 total at $13 after gas
tick's shot (0.76)    13 fires  mean  +1.5%  median  -1.1%  win 38%  dead  8%  $-1.68 total at $13 after gas
k-2                   11 fires  mean  -4.8%  median  -2.0%  win 27%  dead  9%  $-10.43 total at $13 after gas
ENGINE (k-2 after registration)  11 fires  mean  -4.8%  median  -2.0%  win 27%  dead  9%  $-10.43 total at $13 after gas
refused (k-1 < 2)     73        mean -10.7%  median -11.7%  win  5%
