72 qualifying launches scored, Sep 28 10:21 - Sep 29 08:23 UTC
when          launch       k fleets by block           k-1 tick  k-2  eng   behind1 h11
Sep 28 10:21  0xfecada34   4 [0, 0, 0, 1, 2]             1    0    0    0         -7.3%
Sep 28 10:29  0x508d50c8   2 [0, 2, 2]                   2    2    0    0         -7.3%
Sep 28 10:39  0xde8c52a3   6 [0, 0, 0, 0, 0, 0, 1]       0    0    0    0         -7.6%
Sep 28 11:22  0x0c856a8b   8 [0, 0, 0, 0, 0, 0, 0, 1, 2]    1    0    0    0         -4.2%
Sep 28 12:09  0x1eb2cf29   9 [0, 0, 0, 0, 0, 0, 0, 0, 0, 0]    0    0    0    0        -12.9%
Sep 28 12:43  0x34bd1b5f   8 [0, 0, 0, 0, 0, 0, 0, 0, 0]    0    0    0    0        -12.9%
Sep 28 13:20  0x83838451   7 [0, 0, 0, 0, 0, 1, 4, 4]    4    1    1    1        +33.3%
Sep 28 13:26  0x65560f39   2 [0, 1, 1]                   1    1    0    0        +21.9%
Sep 28 14:30  0xd7404c79   6 [0, 0, 0, 0, 0, 0, 1]       0    0    0    0         -5.8%
Sep 28 14:50  0xe99279c2   8 [0, 0, 0, 0, 0, 0, 0, 0, 0]    0    0    0    0         -7.6%
Sep 28 14:59  0xd80dfbea   5 [0, 0, 0, 0, 0, 0]          0    0    0    0         -8.0%
Sep 28 15:09  0x8881dc7e   9 [0, 0, 0, 0, 0, 0, 0, 0, 0, 1]    0    0    0    0         -7.6%
Sep 28 15:15  0xa79768ae   7 [0, 0, 0, 0, 0, 0, 1, 1]    1    0    0    0         -7.6%
Sep 28 15:25  0xe5e960a4   4 [0, 0, 0, 1, 1]             1    0    0    0         -8.0%
Sep 28 15:31  0x1e4a544c   3 [0, 0, 1, 1]                1    1    0    0         -7.6%
Sep 28 15:38  0x248fb9a7   8 [0, 0, 1, 1, 1, 1, 1, 1, 1]    1    1    1    1        -13.4%
Sep 28 15:40  0xf6b8bd44   4 [0, 0, 0, 1, 1]             1    0    0    0         -8.0%
Sep 28 15:48  0x2cbfafbb   2 [0, 0, 1]                   0    0    0    0         -8.0%
Sep 28 17:13  0x0ea2da4a   9 [0, 0, 0, 0, 0, 0, 0, 0, 1, 2]    1    0    0    0        -12.9%
Sep 28 17:16  0x2ad5b742   3 [0, 0, 0, 0]                0    0    0    0         -8.1%
Sep 28 17:22  0x22307913   3 [0, 0, 0, 1]                0    0    0    0         -9.3%
Sep 28 17:28  0xeb786067   1 [0, 1]                      0    0    0    0        -12.7%
Sep 28 17:32  0x02388ba2   3 [0, 0, 0, 0]                0    0    0    0         -8.1%
Sep 28 17:43  0x834d4dff   3 [0, 0, 0, 0]                0    0    0    0         -8.1%
Sep 28 17:50  0x755dc051   8 [0, 0, 0, 0, 0, 0, 0, 0, 1]    0    0    0    0         -7.3%
Sep 28 17:51  0x125ca21e   7 [0, 0, 0, 0, 0, 0, 0, 0]    0    0    0    0        +32.0%
Sep 28 17:58  0x2754d491   2 [0, 0, 0]                   0    0    0    0         -8.0%
Sep 28 18:04  0xe13d11a0   2 [0, 0, 0]                   0    0    0    0         -8.0%
Sep 28 18:05  0x63c50cf7   1 [0, 1]                      0    0    0    0        -11.4%
Sep 28 18:15  0x4589beba   7 [0, 0, 0, 0, 0, 0, 1, 1]    1    0    0    0         -7.9%
Sep 28 18:17  0xc6a7c282   2 [0, 0, 3]                   0    0    0    0         -5.0%
Sep 28 18:25  0xd16a54d4   7 [0, 0, 0, 0, 0, 0, 1, 1]    1    0    0    0         -3.3%
Sep 28 18:28  0x1ca8a523   6 [0, 0, 0, 0, 0, 0, 1]       0    0    0    0         -4.0%
Sep 28 18:48  0xdc2aea79   7 [0, 0, 0, 0, 0, 0, 0, 0]    0    0    0    0         -7.6%
Sep 28 18:49  0xe8e303f6   9 [0, 0, 0, 0, 0, 0, 0, 0, 0, 1]    0    0    0    0         -8.0%
Sep 28 18:56  0x710f988d   7 [0, 0, 1, 1, 1, 1, 1, 2]    1    1    1    1         -0.1%
Sep 28 19:22  0x3a8a78ea   6 [0, 0, 0, 0, 0, 1, 2]       1    0    0    0         +6.3%
Sep 28 19:30  0x35f64e0a   7 [0, 0, 0, 0, 0, 0, 1, 1]    1    0    0    0         -6.0%
Sep 28 19:33  0x6e37e237   6 [0, 0, 0, 0, 0, 0, 0]       0    0    0    0         +1.5%
Sep 28 19:34  0x4d1d6eaf   7 [0, 0, 0, 0, 0, 0, 0, 0]    0    0    0    0         -8.1%
Sep 28 19:43  0x34e89aee   9 [0, 0, 0, 0, 0, 0, 0, 0, 0, 0]    0    0    0    0        -13.4%
Sep 28 19:57  0xb3324552   7 [0, 0, 0, 0, 0, 0, 2, 3]    2    0    0    0         -7.7%
Sep 28 20:19  0x70bedf10   5 [0, 0, 1, 1, 1, 1]          1    1    1    0         -8.1%
Sep 28 20:20  0xb9d3f47c   5 [0, 0, 0, 0, 0, 0]          0    0    0    0         -8.0%
Sep 28 20:21  0xb8abcefc   4 [0, 0, 0, 0, 0]             0    0    0    0         -8.1%
Sep 28 20:41  0x020dc0bb   7 [0, 0, 0, 0, 0, 0, 2, 2]    2    0    0    0         -8.0%
Sep 28 20:46  0x67fc51c7   6 [0, 0, 0, 0, 0, 0, 1]       0    0    0    0         +1.2%
Sep 28 20:47  0x5487f702   6 [0, 0, 0, 0, 1, 1, 1]       1    1    1    1         -7.4%
Sep 28 20:52  0x66fd43eb   7 [0, 0, 0, 0, 0, 0, 1, 1]    1    0    0    0         -8.0%
Sep 28 21:01  0x52ad022d   9 [0, 0, 0, 0, 0, 0, 0, 1, 4, 6]    4    0    1    1        +19.8%
Sep 28 21:03  0xaf3ffbd6   7 [0, 0, 0, 0, 0, 0, 0, 1]    0    0    0    0         -8.1%
Sep 28 21:04  0x502f1cb1   5 [0, 0, 0, 0, 0, 0]          0    0    0    0         -8.1%
Sep 28 21:16  0x88161203   8 [0, 0, 0, 0, 0, 0, 0, 1, 2]    1    0    0    0        -12.8%
Sep 28 21:43  0x170d0e06   7 [0, 0, 0, 0, 0, 0, 0, 0]    0    0    0    0        -12.3%
Sep 28 22:46  0x8f798324   2 [0, 0, 0]                   0    0    0    0        -13.7%
Sep 28 23:02  0xd2daaffe   8 [0, 0, 0, 0, 0, 0, 0, 0, 1]    0    0    0    0        -13.0%
Sep 28 23:13  0x0683e1d8   8 [0, 0, 0, 0, 0, 0, 0, 1, 2]    1    0    0    0        +29.6%
Sep 28 23:15  0xd326d26c   8 [0, 0, 0, 0, 0, 0, 0, 0, 2]    0    0    0    0        +21.6%
Sep 28 23:16  0xbb2cd4da   8 [0, 0, 0, 0, 0, 0, 0, 2, 2]    2    0    0    0        +19.0%
Sep 28 23:17  0x6e0706db   7 [0, 0, 0, 0, 0, 0, 0, 0]    0    0    0    0        -15.6%
Sep 28 23:19  0x44998436   8 [0, 0, 0, 0, 0, 0, 0, 0, 2]    0    0    0    0        +18.7%
Sep 28 23:26  0x7a687e04   4 [0, 0, 0, 0, 0]             0    0    0    0        -12.9%
Sep 28 23:48  0xd6738597   7 [0, 0, 0, 0, 0, 0, 0, 1]    0    0    0    0         +8.3%
Sep 28 23:52  0x098d7c06   7 [0, 0, 0, 0, 0, 0, 0, 2]    0    0    0    0         +7.4%
Sep 28 23:53  0xa87a7422   5 [0, 0, 0, 0, 0, 2]          0    0    0    0        +14.0%
Sep 28 23:56  0x06c7388c   7 [0, 0, 0, 0, 0, 0, 1, 1]    1    0    0    0        +16.0%
Sep 29 00:11  0x03c93479   7 [0, 0, 0, 0, 0, 0, 0, 2]    0    0    0    0        +12.5%
Sep 29 00:23  0x9dd9046b   7 [0, 0, 0, 0, 0, 2, 2, 3]    2    2    2    2         -5.7%
Sep 29 00:24  0x23b57bf2   8 [0, 0, 0, 0, 0, 0, 0, 1, 1]    1    0    0    0         -0.2%
Sep 29 00:28  0x3ad6c0d5   7 [0, 0, 0, 0, 0, 0, 0, 2]    0    0    0    0         -8.1%
Sep 29 02:33  0x5589fa24   8 [0, 0, 0, 0, 0, 1, 1, 1, 2]    1    1    1    1         -7.3%
Sep 29 08:23  0xb5e415ee   6 [0, 0, 0, 0, 0, 0, 0]       0    0    0    0        -12.9%

k-1                    7 fires  mean  +6.2%  median  -5.7%  win 43%  dead  0%  $+3.35 total at $13 after gas
tick's shot (0.76)     2 fires  mean  -6.5%  median  -6.5%  win  0%  dead  0%  $-2.35 total at $13 after gas
k-2                    1 fires  mean  -5.7%  median  -5.7%  win  0%  dead  0%  $-1.07 total at $13 after gas
ENGINE (k-2 after registration)   1 fires  mean  -5.7%  median  -5.7%  win  0%  dead  0%  $-1.07 total at $13 after gas
refused (k-1 < 2)     65        mean  -4.0%  median  -8.0%  win 20%
