108 qualifying launches scored, Sep 28 23:13 - Sep 29 22:16 UTC
when          launch       k fleets by block           k-1 tick  k-2  eng   behind1 h11
Sep 28 23:13  0x0683e1d8   8 [0, 0, 0, 0, 0, 0, 0, 1, 2]    1    0    0    0        +29.6%
Sep 28 23:15  0xd326d26c   8 [0, 0, 0, 0, 0, 0, 0, 0, 2]    0    0    0    0        +21.6%
Sep 28 23:16  0xbb2cd4da   8 [0, 0, 0, 0, 0, 0, 0, 2, 2]    2    0    0    0        +19.0%
Sep 28 23:19  0x44998436   8 [0, 0, 0, 0, 0, 0, 0, 0, 2]    0    0    0    0        +18.7%
Sep 28 23:48  0xd6738597   7 [0, 0, 0, 0, 0, 0, 0, 1]    0    0    0    0         +8.3%
Sep 28 23:52  0x098d7c06   7 [0, 0, 0, 0, 0, 0, 0, 2]    0    0    0    0         +7.4%
Sep 28 23:53  0xa87a7422   5 [0, 0, 0, 0, 0, 2]          0    0    0    0        +14.0%
Sep 28 23:56  0x06c7388c   7 [0, 0, 0, 0, 0, 0, 1, 1]    1    0    0    0        +16.0%
Sep 29 00:11  0x03c93479   7 [0, 0, 0, 0, 0, 0, 0, 2]    0    0    0    0        +12.5%
Sep 29 00:23  0x9dd9046b   7 [0, 0, 0, 0, 0, 2, 2, 3]    2    2    2    2         -5.7%
Sep 29 00:24  0x23b57bf2   8 [0, 0, 0, 0, 0, 0, 0, 1, 1]    1    0    0    0         -0.2%
Sep 29 00:28  0x3ad6c0d5   7 [0, 0, 0, 0, 0, 0, 0, 2]    0    0    0    0         -8.1%
Sep 29 02:33  0x5589fa24   8 [0, 0, 0, 0, 0, 1, 1, 1, 2]    1    1    1    1         -7.3%
Sep 29 12:59  0xb436570e   7 [0, 0, 0, 0, 0, 0, 0, 1]    0    0    0    0        +29.3%
Sep 29 13:02  0x2aa3e982   8 [0, 0, 0, 0, 0, 0, 0, 0, 0]    0    0    0    0        +25.0%
Sep 29 13:17  0x22f92293   5 [0, 0, 0, 0, 0, 2]          0    0    0    0         -7.5%
Sep 29 14:17  0x9276c51f   7 [0, 0, 0, 0, 0, 0, 0, 2]    0    0    0    0         -4.9%
Sep 29 14:18  0xb063a830   8 [0, 0, 0, 0, 0, 0, 0, 2, 2]    2    0    0    0         +5.8%
Sep 29 14:26  0xc5ff4311   6 [0, 0, 0, 0, 0, 0, 1]       0    0    0    0         +2.1%
Sep 29 14:33  0x0b09c727   3 [0, 0, 1, 3]                1    1    0    0         +1.8%
Sep 29 14:35  0x3668bee9   7 [0, 0, 0, 0, 0, 0, 2, 2]    2    0    0    0         -8.1%
Sep 29 15:13  0x51bdab11   7 [0, 0, 0, 0, 0, 0, 0, 2]    0    0    0    0         -8.1%
Sep 29 15:32  0x342a809f   7 [0, 0, 0, 0, 0, 0, 0, 2]    0    0    0    0         -1.6%
Sep 29 15:34  0x78918ea8   6 [0, 0, 0, 0, 0, 2, 3]       2    0    0    0         +0.7%
Sep 29 15:43  0xe5ad82da   7 [0, 0, 0, 0, 0, 0, 0, 2]    0    0    0    0         -8.1%
Sep 29 16:04  0xb61c25f4   7 [0, 0, 0, 0, 0, 0, 2, 2]    2    0    0    0        +12.7%
Sep 29 16:07  0xde30d2d1   7 [0, 0, 0, 0, 0, 0, 1, 1]    1    0    0    0        +10.6%
Sep 29 16:13  0x8bee041a   6 [0, 0, 0, 0, 0, 1, 3]       1    0    0    0         +2.7%
Sep 29 16:23  0x3fd7b54c   7 [0, 0, 0, 0, 0, 0, 1, 2]    1    0    0    0         -7.9%
Sep 29 16:25  0x3a81f0eb   7 [0, 0, 0, 0, 0, 0, 1, 3]    1    0    0    0         +0.1%
Sep 29 16:27  0x09a3bd63   6 [0, 0, 0, 0, 0, 0, 2]       0    0    0    0        +24.8%
Sep 29 16:30  0x2b4ed8d8   7 [0, 0, 0, 0, 0, 0, 0, 2]    0    0    0    0         -8.1%
Sep 29 16:31  0x8014ab21   6 [0, 0, 1, 1, 1, 1, 2]       1    1    1    1         +3.3%
Sep 29 16:35  0x43ffd042   7 [0, 0, 0, 0, 0, 0, 2, 2]    2    0    0    0         -8.1%
Sep 29 16:37  0xaa9952a5   4 [0, 0, 0, 0, 1]             0    0    0    0         -5.8%
Sep 29 16:39  0x317b7065   6 [0, 0, 0, 0, 0, 0, 1]       0    0    0    0         -8.1%
Sep 29 16:43  0x2099cb2e   8 [0, 0, 0, 0, 0, 0, 0, 0, 0]    0    0    0    0         -8.1%
Sep 29 16:49  0x216d2a79   7 [0, 0, 0, 0, 0, 0, 0, 1]    0    0    0    0         -8.1%
Sep 29 17:00  0x64ba19b4   6 [0, 0, 0, 0, 0, 2, 2]       2    0    0    0        +33.2%
Sep 29 17:02  0x7f71e6d9   6 [0, 0, 0, 0, 0, 1, 1]       1    0    0    0         +9.2%
Sep 29 17:26  0xa1271123   1 [0, 3]                      0    0    0    0         +4.2%
Sep 29 17:47  0x3949c590   7 [0, 0, 0, 0, 0, 0, 2, 3]    2    0    0    0         -3.3%
Sep 29 17:49  0xde454d4a   8 [0, 0, 1, 1, 1, 1, 1, 1, 1]    1    1    1    1        +22.9%
Sep 29 18:04  0x46faaec5   1 [0, 1]                      0    0    0    0         -5.5%
Sep 29 18:07  0x2ef6fe62   6 [0, 0, 0, 0, 0, 1, 2]       1    0    0    0         +9.1%
Sep 29 18:07  0xfa3bcf78   7 [0, 0, 0, 0, 0, 0, 0, 1]    0    0    0    0         -8.1%
Sep 29 18:09  0x7d75e96e   7 [0, 0, 0, 0, 0, 0, 0, 1]    0    0    0    0         +5.4%
Sep 29 18:09  0x790b111b   2 [0, 0, 0]                   0    0    0    0         -8.1%
Sep 29 18:11  0x7abe2a6a   6 [0, 0, 0, 0, 0, 1, 2]       1    0    0    0         +2.1%
Sep 29 18:12  0x408a686e   7 [0, 0, 0, 0, 0, 0, 0, 1]    0    0    0    0         -8.1%
Sep 29 18:13  0x59f137a6   7 [0, 0, 0, 0, 0, 0, 1, 1]    1    0    0    0         +1.3%
Sep 29 18:14  0xf131ce56   4 [0, 0, 0, 0, 0]             0    0    0    0         -8.1%
Sep 29 18:17  0xb28f5d9b   7 [0, 0, 0, 0, 0, 0, 0, 1]    0    0    0    0        +11.2%
Sep 29 18:19  0x99451be1   6 [0, 0, 0, 0, 0, 0, 0]       0    0    0    0         -8.1%
Sep 29 18:21  0x425d101c   7 [0, 0, 0, 0, 0, 0, 0, 1]    0    0    0    0         -7.9%
Sep 29 18:24  0xef9917da   1 [0, 1]                      0    0    0    0         -8.1%
Sep 29 18:25  0xf104d3ea   6 [0, 0, 0, 0, 0, 0, 2]       0    0    0    0         -8.0%
Sep 29 18:32  0x0c7e6904   6 [0, 0, 0, 0, 0, 1, 1]       1    0    0    0         -7.8%
Sep 29 18:32  0x4e7e1760   9 [0, 1, 1, 1, 1, 1, 1, 1, 1, 1]    1    1    1    1         -8.1%
Sep 29 18:35  0xdac6fc02   5 [0, 0, 0, 0, 0, 1]          0    0    0    0        +33.3%
Sep 29 18:39  0x55e400ab   9 [0, 1, 1, 1, 1, 1, 1, 1, 1, 1]    1    1    1    1         -8.1%
Sep 29 18:41  0xc665f785   7 [0, 0, 0, 0, 0, 0, 0, 1]    0    0    0    0         -7.8%
Sep 29 18:41  0x8a841f4f   4 [0, 1, 1, 1, 1]             1    1    1    1         -8.1%
Sep 29 18:53  0x10e804da   6 [0, 1, 1, 1, 1, 1, 1]       1    1    1    1         -8.1%
Sep 29 19:02  0x959d16f8   7 [0, 0, 0, 0, 0, 0, 0, 2]    0    0    0    0         +5.9%
Sep 29 19:05  0x523eb71e   6 [0, 0, 0, 0, 0, 0, 1]       0    0    0    0        +10.2%
Sep 29 19:05  0xe97eb295   5 [0, 1, 1, 1, 1, 1]          1    1    1    1         -8.0%
Sep 29 19:09  0x5684c68e   7 [0, 0, 0, 0, 0, 0, 0, 0]    0    0    0    0         -8.0%
Sep 29 19:10  0x60b868d9   7 [0, 0, 0, 0, 0, 0, 0, 1]    0    0    0    0         -2.9%
Sep 29 19:10  0xc218b671   8 [0, 0, 0, 0, 0, 0, 0, 0, 0]    0    0    0    0         -8.1%
Sep 29 19:13  0xf3d0c990   7 [0, 0, 0, 0, 0, 0, 1, 2]    1    0    0    0         -8.1%
Sep 29 19:29  0x16af1eca   2 [0, 1, 1]                   1    1    0    0         -8.1%
Sep 29 19:32  0xbbb667ef   3 [0, 1, 1, 1]                1    1    1    1         -8.1%
Sep 29 19:32  0x3b2098eb   7 [0, 0, 0, 0, 0, 0, 1, 1]    1    0    0    0         -8.1%
Sep 29 19:34  0xbfc6d0f9   2 [0, 1, 1]                   1    1    0    0         -8.1%
Sep 29 19:38  0xba28979d   3 [0, 1, 1, 1]                1    1    1    1         -8.1%
Sep 29 19:39  0xd0930a0a   7 [0, 0, 0, 0, 0, 0, 0, 1]    0    0    0    0         -2.6%
Sep 29 19:41  0x5d6b6d47   4 [0, 1, 1, 1, 1]             1    1    1    1         -8.1%
Sep 29 19:48  0x00fbd663   4 [0, 0, 0, 1, 2]             1    0    0    0         -8.0%
Sep 29 19:57  0xd0fef45c   7 [0, 0, 0, 0, 0, 0, 1, 1]    1    0    0    0        +15.0%
Sep 29 20:01  0x2ccc05bb   7 [0, 0, 0, 0, 0, 1, 1, 3]    1    1    1    1        +13.5%
Sep 29 20:03  0x13ab4c0d   8 [0, 0, 0, 0, 0, 0, 0, 0, 1]    0    0    0    0         -8.1%
Sep 29 20:03  0x088b3d7a   7 [0, 0, 0, 0, 0, 0, 0, 1]    0    0    0    0         -8.1%
Sep 29 20:06  0x5140d7e1   6 [0, 0, 1, 1, 1, 2, 3]       2    1    1    1         -2.6%
Sep 29 20:18  0x40aa5f42   5 [0, 1, 1, 1, 1, 1]          1    1    1    1         -8.1%
Sep 29 20:20  0x0cea9d59   7 [0, 0, 0, 0, 0, 0, 0, 2]    0    0    0    0         -8.1%
Sep 29 20:23  0xeefcf58f   7 [0, 0, 0, 0, 0, 0, 0, 1]    0    0    0    0        +22.7%
Sep 29 20:25  0x3155d5b7   6 [0, 1, 1, 1, 1, 1, 1]       1    1    1    1         -8.1%
Sep 29 20:27  0x0ee29d1c   6 [0, 0, 0, 0, 0, 2, 4]       2    0    0    0        +22.2%
Sep 29 20:28  0xa244b229   3 [0, 1, 1, 1]                1    1    1    1         -8.1%
Sep 29 20:31  0xc6667025   7 [0, 0, 0, 0, 0, 0, 0, 1]    0    0    0    0         +8.0%
Sep 29 20:32  0x7f848712   6 [0, 0, 0, 0, 0, 0, 1]       0    0    0    0        +21.7%
Sep 29 20:39  0x77fe2188   5 [0, 0, 0, 0, 0, 0]          0    0    0    0         -8.1%
Sep 29 20:46  0x5780f597   5 [0, 0, 0, 0, 0, 2]          0    0    0    0        +29.3%
Sep 29 20:56  0x7166dbd6   7 [0, 0, 0, 0, 0, 0, 0, 1]    0    0    0    0         +8.6%
Sep 29 21:03  0xdc6bdf2a   6 [0, 0, 0, 0, 0, 0, 0]       0    0    0    0         +7.4%
Sep 29 21:05  0xe67ffc17   8 [0, 0, 0, 0, 0, 0, 0, 0, 2]    0    0    0    0         -6.0%
Sep 29 21:07  0x68ec4073   7 [0, 0, 0, 0, 0, 0, 0, 1]    0    0    0    0         +5.8%
Sep 29 21:12  0xc99f3e02   7 [0, 0, 0, 0, 0, 0, 0, 0]    0    0    0    0         -8.1%
Sep 29 21:13  0x673720e1   8 [0, 0, 0, 0, 0, 0, 0, 0, 0]    0    0    0    0         -8.1%
Sep 29 21:16  0x056ca59a   7 [0, 0, 0, 0, 0, 0, 1, 1]    1    0    0    0         -8.1%
Sep 29 21:22  0x779a7949   6 [0, 0, 0, 0, 0, 0, 1]       0    0    0    0         -3.4%
Sep 29 21:23  0x9c7450bc   4 [0, 0, 0, 0, 2]             0    0    0    0         -8.0%
Sep 29 21:32  0x6523911c   6 [0, 0, 0, 0, 0, 1, 1]       1    0    0    0         +4.8%
Sep 29 21:39  0xd7b315af   6 [0, 0, 0, 0, 0, 0, 1]       0    0    0    0         +3.9%
Sep 29 21:48  0xbd3d0f6e   6 [0, 0, 0, 0, 0, 1, 2]       1    0    0    0         -3.9%
Sep 29 21:56  0x221e2954   7 [0, 0, 0, 0, 0, 0, 0, 1]    0    0    0    0         -8.1%
Sep 29 22:16  0xe7d6da75   8 [0, 0, 0, 0, 0, 0, 0, 1, 2]    1    0    0    0         -5.7%

k-1                   11 fires  mean  +6.0%  median  +0.7%  win 55%  dead  0%  $+4.93 total at $13 after gas
tick's shot (0.76)     1 fires  mean  -5.7%  median  -5.7%  win  0%  dead  0%  $-1.07 total at $13 after gas
k-2                    1 fires  mean  -5.7%  median  -5.7%  win  0%  dead  0%  $-1.07 total at $13 after gas
ENGINE (k-2 after registration)   1 fires  mean  -5.7%  median  -5.7%  win  0%  dead  0%  $-1.07 total at $13 after gas
refused (k-1 < 2)     97        mean  +0.6%  median  -5.8%  win 40%
