42 qualifying launches scored, Oct 03 22:25 - Oct 04 17:50 UTC
when          launch       k fleets by block           k-1 tick  k-2  eng   behind1 h11
Oct 03 22:25  0x0e7befce   6 [0, 0, 0, 0, 1, 1, 2]       1    1    1    1        +30.8%
Oct 03 22:25  0x2e7241c5   7 [0, 0, 0, 0, 0, 0, 1, 2]    1    0    0    0        +18.3%
Oct 03 22:37  0xd6539d8b   8 [0, 0, 0, 0, 0, 0, 0, 1, 1]    1    0    0    0        +31.2%
Oct 03 22:39  0xf222ef44   5 [0, 0, 0, 0, 1, 1]          1    0    0    0        +22.0%
Oct 03 22:42  0xf003b23a   7 [0, 0, 0, 0, 0, 0, 1, 1]    1    0    0    0         -2.3%
Oct 03 22:48  0x87dc619c   8 [0, 0, 0, 0, 0, 0, 0, 1, 1]    1    0    0    0        +18.8%
Oct 03 22:49  0x8b39756e   8 [0, 0, 0, 0, 0, 0, 0, 1, 1]    1    0    0    0        +18.8%
Oct 03 22:58  0x6baa2d0a   8 [0, 0, 0, 0, 1, 1, 1, 2, 2]    2    1    1    1        +14.6%
Oct 03 23:11  0xa4e44d69   8 [0, 0, 0, 0, 0, 0, 0, 0, 0]    0    0    0    0        +13.2%
Oct 03 23:15  0x65eb82fb   8 [0, 0, 0, 0, 0, 0, 0, 1, 1]    1    0    0    0         +7.3%
Oct 03 23:22  0x6e23fc9d   8 [0, 1, 1, 1, 1, 1, 1, 1, 1]    1    1    1    1         +4.4%
Oct 03 23:22  0xfa86f930   8 [0, 0, 0, 0, 0, 0, 0, 1, 1]    1    0    0    0         +2.9%
Oct 03 23:26  0x03d95168   6 [0, 0, 1, 1, 1, 2, 2]       2    1    1    1        +33.5%
Oct 03 23:36  0xb5d547db   8 [0, 0, 0, 0, 0, 0, 0, 1, 1]    1    0    0    0         +4.8%
Oct 03 23:40  0xf29173f0   8 [0, 0, 0, 0, 0, 0, 0, 1, 1]    1    0    0    0         +3.7%
Oct 03 23:44  0xea1b00c5   6 [0, 0, 0, 0, 0, 0, 0]       0    0    0    0        +26.8%
Oct 03 23:46  0x7c28680b   8 [0, 0, 0, 0, 0, 0, 0, 1, 1]    1    0    0    0         +6.6%
Oct 03 23:50  0xdaa54b98   7 [0, 0, 0, 0, 0, 0, 1, 1]    1    0    0    0         -5.8%
Oct 03 23:54  0x9e786832   8 [0, 0, 0, 0, 0, 0, 0, 1, 1]    1    0    0    0         +0.6%
Oct 03 23:56  0x1bf4d1e8   8 [0, 0, 0, 0, 0, 0, 0, 1, 1]    1    0    0    0         +5.3%
Oct 03 23:58  0xf7b80da7   7 [0, 0, 0, 0, 0, 0, 1, 1]    1    0    0    0         -1.4%
Oct 04 00:04  0xa00a8df5   7 [0, 0, 0, 0, 0, 0, 1, 1]    1    0    0    0         +2.5%
Oct 04 00:10  0x72caa6e5   8 [0, 0, 0, 0, 0, 0, 0, 0, 0]    0    0    0    0         +1.4%
Oct 04 00:11  0x674f9bd9   8 [0, 0, 0, 0, 0, 0, 0, 1, 1]    1    0    0    0         +5.3%
Oct 04 00:19  0xbb27bc87   8 [0, 0, 0, 1, 1, 1, 1, 1, 1]    1    1    1    1         +3.6%
Oct 04 00:22  0x14618289   8 [0, 1, 1, 1, 2, 2, 2, 2, 2]    2    2    2    2         +7.2%
Oct 04 00:33  0x34c4d4ba   8 [0, 1, 1, 1, 1, 2, 2, 2, 3]    2    2    2    2         +5.6%
Oct 04 00:34  0x6c2dcf8a   8 [0, 0, 0, 1, 1, 1, 1, 1, 1]    1    1    1    1         -1.0%
Oct 04 00:38  0xc3b5d978   8 [0, 0, 0, 0, 0, 0, 0, 1, 1]    1    0    0    0         +6.5%
Oct 04 00:43  0x465a251d   8 [0, 0, 0, 0, 1, 1, 1, 2, 2]    2    1    1    1        +12.6%
Oct 04 15:08  0xbb3aaea2   8 [0, 0, 0, 0, 0, 0, 0, 0, 0]    0    0    0    0         -7.2%
Oct 04 15:27  0x9d7bcc9b   9 [0, 0, 0, 0, 0, 0, 0, 0, 0, 0]    0    0    0    0        -15.2%
Oct 04 15:53  0xde09426c   8 [0, 0, 0, 0, 0, 0, 0, 0, 1]    0    0    0    0         +7.6%
Oct 04 15:53  0xc70d9538   8 [0, 0, 0, 0, 0, 0, 0, 0, 0]    0    0    0    0         +5.1%
Oct 04 15:58  0xc5f488a4   7 [0, 0, 0, 0, 0, 0, 0, 1]    0    0    0    0        -43.0%
Oct 04 15:58  0x8f95d5c9   8 [0, 0, 0, 0, 0, 0, 0, 0, 0]    0    0    0    0        +15.0%
Oct 04 16:18  0xeb1952eb   8 [0, 0, 0, 0, 0, 0, 0, 0, 0]    0    0    0    0         +9.3%
Oct 04 16:21  0xc7f14d89   7 [0, 0, 0, 0, 0, 0, 0, 0]    0    0    0    0        +16.1%
Oct 04 16:36  0x5301e4a7   8 [0, 0, 0, 0, 0, 0, 1, 2, 3]    2    0    1    1        +21.9%
Oct 04 16:43  0x5a391a7d   8 [0, 0, 0, 0, 0, 0, 0, 0, 0]    0    0    0    0         +6.6%
Oct 04 17:13  0x470bf866   8 [0, 0, 0, 0, 0, 0, 0, 0, 0]    0    0    0    0         -7.4%
Oct 04 17:50  0x61d7c66c   8 [0, 0, 0, 0, 0, 0, 0, 0, 1]    0    0    0    0        +19.1%

k-1                    6 fires  mean +15.9%  median +13.6%  win 100%  dead  0%  $+10.42 total at $13 after gas
tick's shot (0.76)     2 fires  mean  +6.4%  median  +6.4%  win 100%  dead  0%  $+1.01 total at $13 after gas
k-2                    2 fires  mean  +6.4%  median  +6.4%  win 100%  dead  0%  $+1.01 total at $13 after gas
ENGINE (k-2 after registration)   2 fires  mean  +6.4%  median  +6.4%  win 100%  dead  0%  $+1.01 total at $13 after gas
refused (k-1 < 2)     36        mean  +6.4%  median  +5.3%  win 78%
