98 qualifying launches scored, Sep 29 22:34 - Sep 30 22:06 UTC
when          launch       k fleets by block           k-1 tick  k-2  eng   behind1 h11
Sep 29 22:34  0x3af4bc01   6 [0, 0, 1, 1, 1, 1, 1]       1    1    1    1         +5.2%
Sep 29 22:46  0x935fa721   7 [0, 0, 0, 0, 0, 0, 0, 1]    0    0    0    0         -8.1%
Sep 29 22:50  0x4992541a   7 [0, 0, 0, 0, 0, 0, 0, 2]    0    0    0    0         -6.7%
Sep 29 22:51  0xba1f6270   8 [0, 0, 0, 0, 0, 0, 0, 0, 1]    0    0    0    0         -8.0%
Sep 29 22:52  0xaec789fe   8 [0, 0, 0, 0, 0, 0, 0, 0, 1]    0    0    0    0        +10.0%
Sep 29 22:52  0x469afa23   7 [0, 0, 0, 0, 0, 0, 0, 1]    0    0    0    0         -8.1%
Sep 29 22:54  0x26a4e3c1   7 [0, 0, 0, 0, 0, 0, 1, 1]    1    0    0    0        +18.9%
Sep 29 22:56  0xae82bde1   6 [0, 0, 0, 0, 0, 0, 1]       0    0    0    0         +8.6%
Sep 29 22:56  0xaa173690   7 [0, 0, 0, 0, 0, 0, 0, 1]    0    0    0    0         +3.1%
Sep 29 22:57  0x7829e1ac   7 [0, 0, 0, 0, 0, 0, 0, 0]    0    0    0    0         +7.8%
Sep 29 22:57  0x900a9042   7 [0, 0, 0, 0, 0, 0, 1, 1]    1    0    0    0         +0.8%
Sep 29 22:57  0x5eb31a77   8 [0, 0, 0, 0, 0, 0, 0, 0, 0]    0    0    0    0        +13.1%
Sep 29 22:58  0x3a0f904f   8 [0, 0, 0, 0, 0, 0, 0, 0, 2]    0    0    0    0         -8.1%
Sep 29 22:58  0xab198f6b   4 [0, 0, 0, 0, 2]             0    0    0    0        +23.9%
Sep 29 22:58  0xfcc1050f   8 [0, 0, 0, 0, 0, 0, 0, 0, 1]    0    0    0    0         -8.1%
Sep 29 23:01  0x7bd61abe   7 [0, 0, 0, 0, 0, 0, 1, 2]    1    0    0    0        +24.1%
Sep 29 23:01  0x570aaaee   7 [0, 0, 0, 0, 0, 0, 0, 0]    0    0    0    0        +13.0%
Sep 29 23:04  0x12bd86a4   7 [0, 0, 0, 0, 0, 0, 0, 0]    0    0    0    0         -8.1%
Sep 29 23:05  0xcfcb01a2   8 [0, 0, 0, 0, 0, 0, 0, 0, 2]    0    0    0    0        +14.7%
Sep 29 23:06  0x75294262   6 [0, 0, 0, 0, 0, 0, 1]       0    0    0    0        +20.8%
Sep 29 23:06  0x1dd4dfcb   8 [0, 0, 0, 0, 0, 0, 0, 0, 0]    0    0    0    0        +12.3%
Sep 29 23:07  0x3702f455   8 [0, 0, 0, 0, 0, 0, 0, 0, 0]    0    0    0    0         -8.1%
Sep 29 23:17  0x1e8dc5b9   6 [0, 0, 0, 0, 0, 1, 2]       1    0    0    0        +11.8%
Sep 29 23:21  0x5a80f332   6 [0, 0, 0, 0, 0, 0, 1]       0    0    0    0        +65.2%
Sep 29 23:32  0x5823a661   6 [0, 0, 0, 0, 0, 0, 0]       0    0    0    0         +8.8%
Sep 29 23:38  0x51d90346   7 [0, 0, 0, 0, 0, 0, 0, 0]    0    0    0    0         -8.1%
Sep 29 23:39  0xddb1566f   7 [0, 0, 0, 0, 0, 0, 0, 0]    0    0    0    0        +14.1%
Sep 29 23:42  0xb7426029   6 [0, 0, 0, 0, 0, 0, 0]       0    0    0    0        +15.3%
Sep 29 23:48  0x71021879   6 [0, 0, 0, 0, 0, 1, 2]       1    0    0    0        +13.7%
Sep 29 23:54  0xe288c93e   5 [0, 0, 0, 0, 1, 2]          1    0    0    0        +15.7%
Sep 29 23:56  0xf6d55dab   5 [0, 0, 0, 0, 0, 1]          0    0    0    0         +6.6%
Sep 29 23:56  0xc779e15f   7 [0, 0, 0, 0, 0, 0, 0, 1]    0    0    0    0         -8.1%
Sep 29 23:56  0x0c9fe30d   7 [0, 1, 1, 1, 1, 1, 1, 1]    1    1    1    1        +22.1%
Sep 29 23:59  0x58c17c6b   5 [0, 0, 0, 0, 1, 1]          1    0    0    0         -5.3%
Sep 30 00:00  0xc2423bf4   5 [0, 0, 0, 0, 0, 1]          0    0    0    0         -6.1%
Sep 30 00:06  0x00559d88   6 [0, 0, 0, 0, 0, 1, 1]       1    0    0    0         -8.1%
Sep 30 00:06  0x839f1fb0   7 [0, 0, 0, 0, 0, 0, 0, 1]    0    0    0    0        +22.9%
Sep 30 00:21  0x0d28d162   7 [0, 0, 0, 0, 0, 0, 1, 1]    1    0    0    0         -8.1%
Sep 30 00:33  0x877089bf   7 [0, 0, 0, 0, 0, 0, 1, 1]    1    0    0    0         -8.1%
Sep 30 01:39  0xf478f09d   3 [0, 0, 2, 2]                2    2    0    0         -8.1%
Sep 30 13:46  0xe4abcedf   6 [0, 0, 0, 0, 1, 2, 2]       2    1    1    1        +20.7%
Sep 30 14:07  0x991fd4ef   7 [0, 0, 0, 0, 0, 1, 1, 2]    1    1    1    1        +22.4%
Sep 30 14:50  0x7b1663f7   8 [0, 0, 0, 0, 0, 0, 0, 0, 1]    0    0    0    0        +15.3%
Sep 30 14:52  0x793337a2   7 [0, 0, 0, 0, 0, 0, 0, 1]    0    0    0    0         +1.4%
Sep 30 14:54  0x80af0648   8 [0, 0, 0, 0, 0, 0, 0, 2, 3]    2    0    0    0         +2.4%
Sep 30 14:57  0x23f8f840   8 [0, 0, 0, 0, 0, 0, 0, 1, 2]    1    0    0    0         +4.7%
Sep 30 15:02  0x63474ecd   7 [0, 0, 0, 0, 0, 0, 1, 2]    1    0    0    0         +7.0%
Sep 30 15:04  0x4522db4a   8 [0, 0, 0, 0, 0, 0, 0, 2, 2]    2    0    0    0         +9.1%
Sep 30 15:42  0xaff8f76d   7 [0, 0, 0, 0, 0, 0, 0, 2]    0    0    0    0        +18.2%
Sep 30 15:45  0x24b5ea2c   6 [0, 0, 0, 0, 0, 0, 0]       0    0    0    0         +0.0%
Sep 30 15:48  0xc9cf7bc6   7 [0, 0, 0, 0, 0, 1, 1, 2]    1    1    1    1         +2.9%
Sep 30 15:51  0x78e3f04e   8 [0, 0, 0, 0, 0, 0, 0, 0, 1]    0    0    0    0        +14.4%
Sep 30 15:52  0x63ffd7d6   8 [0, 0, 0, 0, 0, 0, 0, 0, 0]    0    0    0    0        +18.0%
Sep 30 15:53  0x862aba5d   8 [0, 0, 0, 0, 0, 0, 0, 0, 2]    0    0    0    0         +4.8%
Sep 30 16:05  0xf8bcfd35   6 [0, 0, 0, 0, 1, 2, 2]       2    1    1    1         -8.1%
Sep 30 16:13  0x089e683d   7 [0, 0, 0, 0, 0, 0, 0, 2]    0    0    0    0         -8.1%
Sep 30 16:15  0xe21b0e41   7 [0, 0, 0, 0, 0, 0, 2, 2]    2    0    0    0        +12.5%
Sep 30 16:18  0x454a8f50   8 [0, 0, 0, 0, 0, 0, 1, 1, 1]    1    0    1    1         +0.8%
Sep 30 16:19  0xadb74a36   7 [0, 0, 0, 0, 0, 1, 2, 3]    2    1    1    1         +3.6%
Sep 30 16:21  0xe96ea221   8 [0, 0, 0, 0, 0, 0, 0, 0, 0]    0    0    0    0         +5.1%
Sep 30 16:23  0x319692ea   8 [0, 0, 0, 0, 0, 0, 1, 1, 2]    1    0    1    1         +7.9%
Sep 30 16:27  0x91d987ee   7 [0, 0, 0, 0, 0, 0, 0, 0]    0    0    0    0         -8.1%
Sep 30 16:27  0x89542580   7 [0, 0, 0, 0, 0, 0, 1, 2]    1    0    0    0         +9.6%
Sep 30 16:42  0xde7b4426   7 [0, 0, 0, 0, 0, 0, 0, 1]    0    0    0    0         -6.8%
Sep 30 16:54  0xe5717d95   7 [0, 0, 0, 0, 0, 0, 0, 2]    0    0    0    0        +11.7%
Sep 30 16:54  0x5b3833b1   7 [0, 0, 0, 0, 0, 0, 0, 0]    0    0    0    0         -8.1%
Sep 30 17:00  0x42be8897   7 [0, 0, 0, 0, 0, 1, 2, 3]    2    1    1    1         +0.9%
Sep 30 17:28  0xb53386a9   7 [0, 0, 0, 0, 0, 1, 1, 2]    1    1    1    1         +3.4%
Sep 30 17:37  0x86002b87   7 [0, 1, 1, 1, 1, 1, 1, 2]    1    1    1    1         +6.1%
Sep 30 17:38  0x8362e900   9 [0, 0, 0, 0, 0, 0, 0, 0, 0, 1]    0    0    0    0         -7.9%
Sep 30 17:41  0x47ebc467   7 [0, 0, 0, 0, 0, 0, 0, 1]    0    0    0    0         +9.0%
Sep 30 17:46  0xbd8605df   6 [0, 0, 0, 0, 0, 0, 2]       0    0    0    0        +13.1%
Sep 30 17:46  0x5730bbe9   7 [0, 0, 0, 0, 0, 0, 1, 1]    1    0    0    0         -8.1%
Sep 30 17:50  0x39474ff1   7 [0, 0, 0, 0, 0, 0, 0, 1]    0    0    0    0         +6.0%
Sep 30 17:50  0xe66651d7   7 [0, 0, 0, 0, 0, 1, 1, 3]    1    1    1    1         -8.1%
Sep 30 17:59  0x5014eea1   4 [0, 0, 0, 0, 1]             0    0    0    0         +6.1%
Sep 30 17:59  0x6c268636   7 [0, 0, 0, 0, 0, 0, 0, 3]    0    0    0    0         -0.8%
Sep 30 18:17  0x3b87b97f   7 [0, 0, 0, 0, 0, 1, 2, 3]    2    1    1    1         -8.1%
Sep 30 18:19  0xc1cfaf33   7 [0, 0, 1, 1, 1, 1, 1, 2]    1    1    1    1         -5.0%
Sep 30 18:24  0x91c16a60   6 [0, 0, 0, 0, 1, 1, 3]       1    1    1    1        +26.2%
Sep 30 18:28  0xfaecbe07   3 [0, 0, 0, 1]                0    0    0    0         +3.2%
Sep 30 18:28  0x2ed5ef19   7 [0, 0, 0, 0, 0, 1, 1, 2]    1    1    1    1        +19.5%
Sep 30 18:43  0xbe4281ef   7 [0, 1, 1, 1, 1, 1, 1, 2]    1    1    1    1         -7.7%
Sep 30 18:45  0xe69acb2d   7 [0, 1, 1, 1, 1, 1, 1, 4]    1    1    1    1         +7.8%
Sep 30 18:49  0xe3ced537   6 [0, 0, 0, 0, 1, 1, 3]       1    1    1    1         -3.8%
Sep 30 18:55  0x858093b8   7 [0, 0, 0, 0, 0, 0, 0, 2]    0    0    0    0         -8.1%
Sep 30 19:06  0x922eec07   7 [0, 0, 0, 0, 0, 0, 1, 3]    1    0    0    0         -3.6%
Sep 30 19:18  0x93202246   7 [0, 0, 0, 0, 0, 0, 1, 3]    1    0    0    0        +11.5%
Sep 30 19:29  0x2264f856   7 [0, 0, 0, 0, 0, 0, 1, 2]    1    0    0    0         -7.8%
Sep 30 19:42  0x38771b03   7 [0, 0, 0, 0, 0, 1, 1, 3]    1    1    1    1        +20.0%
Sep 30 19:54  0x4d55a1e3   5 [0, 0, 0, 0, 0, 1]          0    0    0    0        +27.0%
Sep 30 20:18  0xe229984b   7 [0, 0, 1, 1, 1, 1, 1, 2]    1    1    1    1         -2.2%
Sep 30 20:27  0x9f6d62f9   5 [0, 0, 0, 0, 1, 2]          1    0    0    0        +32.4%
Sep 30 21:03  0xc8b981cb   6 [0, 0, 0, 0, 0, 0, 1]       0    0    0    0        +35.1%
Sep 30 21:18  0xcd23aa4d   6 [0, 0, 0, 0, 0, 0, 1]       0    0    0    0        +39.7%
Sep 30 21:19  0xfd6844dc   7 [0, 0, 0, 0, 0, 0, 1, 2]    1    0    0    0        +40.7%
Sep 30 22:00  0x4ee1ca15   7 [0, 0, 0, 0, 0, 1, 1, 3]    1    1    1    1        +18.3%
Sep 30 22:06  0x768d9f5e   5 [0, 0, 0, 0, 0, 2]          0    0    0    0         -1.0%

k-1                    9 fires  mean  +2.8%  median  +2.4%  win 67%  dead  0%  $+0.27 total at $13 after gas
tick's shot (0.76)     1 fires  mean  -8.1%  median  -8.1%  win  0%  dead  0%  $-1.38 total at $13 after gas
k-2                  0 fires
ENGINE (k-2 after registration) 0 fires
refused (k-1 < 2)     89        mean  +7.1%  median  +6.1%  win 65%
