74 qualifying launches scored, Oct 02 11:32 - Oct 02 23:03 UTC
when          launch       k fleets by block           k-1 tick  k-2  eng   behind1 h11
Oct 02 11:32  0x509531f4   8 [0, 0, 0, 0, 0, 0, 0, 0, 0]    0    0    0    0        -13.8%
Oct 02 12:03  0x7c1d9373   8 [0, 0, 0, 0, 0, 0, 2, 3, 3]    3    0    2    2        -12.5%
Oct 02 12:25  0x8d6c24c2   7 [0, 0, 0, 0, 0, 0, 0, 0]    0    0    0    0        -13.8%
Oct 02 12:29  0xc3ae288f   6 [0, 0, 0, 0, 0, 2, 3]       2    0    0    0        -10.3%
Oct 02 12:53  0xa61d8deb   8 [0, 0, 0, 0, 0, 0, 1, 2, 2]    2    0    1    1        +23.7%
Oct 02 13:12  0x3846326c   9 [0, 0, 0, 0, 0, 0, 0, 0, 0, 0]    0    0    0    0        -11.0%
Oct 02 13:43  0xc5fc74cc   9 [0, 0, 0, 0, 0, 1, 1, 1, 1, 1]    1    1    1    1        -13.8%
Oct 02 13:50  0x21724710   2 [0, 2, 2]                   2    2    0    0        -13.8%
Oct 02 13:51  0x4b701bee   1 [0, 0]                      0    0    0    0         -0.6%
Oct 02 14:14  0x1e152e9e   6 [0, 0, 1, 1, 2, 3, 3]       3    2    2    2        +20.1%
Oct 02 14:47  0x1d111fbf   2 [0, 0, 3]                   0    0    0    0         -7.0%
Oct 02 14:55  0x415e8fb3   5 [0, 0, 0, 3, 6, 8]          6    3    3    3        +20.8%
Oct 02 15:01  0xdeba5f94   3 [0, 0, 2, 3]                2    2    0    0         -8.4%
Oct 02 15:08  0x17166599   6 [0, 2, 2, 2, 2, 2, 2]       2    2    2    2        -11.0%
Oct 02 15:24  0x29d332a2   5 [0, 0, 0, 0, 0, 0]          0    0    0    0         -7.5%
Oct 02 15:37  0x0549ecc5   7 [0, 1, 1, 1, 1, 1, 2, 2]    2    1    1    1        -11.1%
Oct 02 15:58  0xdc58f627   7 [0, 1, 1, 1, 1, 1, 1, 2]    1    1    1    1        -10.6%
Oct 02 16:06  0x7a92cf24   5 [0, 0, 0, 2, 3, 6]          3    2    2    2        +52.5%
Oct 02 16:20  0x3d86f52a   7 [0, 0, 0, 0, 0, 0, 1, 1]    1    0    0    0         -8.6%
Oct 02 16:32  0xaa665861   3 [0, 1, 4, 5]                4    4    1    0         -1.8%
Oct 02 16:42  0xf0be7435   2 [0, 0, 3]                   0    0    0    0         -8.5%
Oct 02 16:45  0xeb997cba   4 [0, 0, 2, 3, 5]             3    2    2    2         -7.9%
Oct 02 16:46  0xbfe4e947   9 [0, 0, 0, 0, 0, 1, 1, 1, 1, 1]    1    1    1    1        -13.8%
Oct 02 16:47  0xa6c89012   8 [0, 0, 0, 0, 0, 0, 0, 1, 1]    1    0    0    0         -3.5%
Oct 02 16:53  0x26c1c059   9 [0, 0, 0, 0, 0, 0, 0, 1, 4, 4]    4    0    1    1        -17.8%
Oct 02 16:53  0x284c9cfa   3 [0, 0, 1, 1]                1    1    0    0         -3.3%
Oct 02 17:28  0x932eebbe   7 [0, 0, 0, 0, 0, 1, 1, 1]    1    1    1    1        -11.9%
Oct 02 17:58  0x98e91e46   6 [0, 0, 0, 0, 2, 3, 5]       3    2    2    2         -7.4%
Oct 02 18:03  0x6da25c9a   1 [0, 3]                      0    0    0    0        -20.1%
Oct 02 18:24  0x9b363fb3   8 [0, 0, 0, 0, 0, 0, 0, 0, 0]    0    0    0    0        -11.7%
Oct 02 18:24  0xc3087508   2 [0, 1, 2]                   1    1    0    0         -9.1%
Oct 02 18:26  0x472467d6   1 [0, 1]                      0    0    0    0        -12.9%
Oct 02 18:31  0x22747ef9   2 [0, 1, 4]                   1    1    0    0         -7.4%
Oct 02 18:35  0x10627deb   1 [0, 1]                      0    0    0    0         -5.9%
Oct 02 18:37  0x0c75a15c   5 [0, 1, 1, 3, 4, 5]          4    3    3    3         -8.3%
Oct 02 18:41  0x0974e06b   6 [0, 0, 0, 0, 2, 3, 4]       3    2    2    0        -10.6%
Oct 02 18:44  0xf7e602ec   7 [0, 0, 0, 0, 0, 0, 0, 0]    0    0    0    0        -11.5%
Oct 02 18:49  0x784a5535   6 [0, 0, 0, 0, 0, 1, 1]       1    0    0    0         -9.8%
Oct 02 18:55  0x8195ffc6   3 [0, 1, 2, 4]                2    2    1    0        +30.6%
Oct 02 19:09  0xed9d1d03   5 [0, 0, 0, 2, 3, 4]          3    2    2    2         -7.8%
Oct 02 19:20  0x588c903d   2 [0, 3, 3]                   3    3    0    0        -10.1%
Oct 02 19:38  0x38e3b84c   2 [0, 0, 1]                   0    0    0    0         -5.4%
Oct 02 19:40  0xee2a9d46   7 [0, 0, 0, 0, 0, 0, 0, 0]    0    0    0    0        -11.7%
Oct 02 19:48  0xbc174226   8 [0, 0, 0, 0, 0, 0, 0, 0, 0]    0    0    0    0        -11.7%
Oct 02 19:51  0x14ec8c37   7 [0, 0, 0, 0, 0, 0, 1, 1]    1    0    0    0        -13.8%
Oct 02 19:55  0x4195dabb   7 [0, 0, 0, 0, 0, 1, 4, 5]    4    1    1    1         -1.7%
Oct 02 19:56  0x82329915   4 [0, 0, 0, 2, 3]             2    0    0    0        -11.9%
Oct 02 20:09  0x8b788654   9 [0, 1, 1, 1, 1, 1, 1, 1, 1, 2]    1    1    1    1        +16.7%
Oct 02 20:16  0xd4ce73ab   6 [0, 0, 0, 0, 1, 2, 4]       2    1    1    1         -7.9%
Oct 02 20:39  0x75af5bf2   6 [0, 0, 0, 0, 0, 0, 0]       0    0    0    0         -5.1%
Oct 02 20:45  0x94c55c00   7 [0, 0, 0, 0, 0, 0, 0, 0]    0    0    0    0        -11.6%
Oct 02 20:46  0xe1f4aefd   6 [0, 0, 0, 0, 0, 0, 0]       0    0    0    0        -11.6%
Oct 02 20:47  0x82aad193   2 [0, 1, 1]                   1    1    0    0        -10.3%
Oct 02 20:49  0xfb462302   7 [0, 0, 0, 0, 0, 0, 0, 0]    0    0    0    0        -11.7%
Oct 02 21:11  0x2a69203f   5 [0, 0, 0, 0, 0, 0]          0    0    0    0        -11.9%
Oct 02 21:21  0x51e111c0   2 [0, 2, 2]                   2    2    0    0        -11.1%
Oct 02 21:30  0x5ee99506   5 [0, 0, 0, 0, 0, 0]          0    0    0    0        -11.7%
Oct 02 22:04  0x6717ec2d   7 [0, 0, 0, 0, 0, 1, 1, 1]    1    1    1    1        -13.7%
Oct 02 22:04  0xbb28ff2f   4 [0, 0, 0, 0, 0]             0    0    0    0         -8.3%
Oct 02 22:20  0x18e3ff60   4 [0, 0, 0, 1, 2]             1    0    0    0        -11.6%
Oct 02 22:23  0xf2bac17d   6 [0, 3, 5, 5, 6, 6, 6]       6    6    6    5        -11.9%
Oct 02 22:25  0x6b7ddc5c   7 [0, 0, 0, 0, 0, 0, 0, 0]    0    0    0    0        -11.3%
Oct 02 22:35  0x120820fc   8 [0, 0, 0, 0, 0, 1, 1, 1, 1]    1    1    1    1        -13.8%
Oct 02 22:37  0x77036c08   8 [0, 2, 2, 2, 2, 2, 2, 4, 4]    4    2    2    2        +11.3%
Oct 02 22:40  0x476faf60   8 [0, 0, 0, 0, 0, 0, 0, 0, 0]    0    0    0    0        -11.7%
Oct 02 22:41  0x19de41b0   7 [0, 0, 0, 0, 0, 0, 0, 0]    0    0    0    0        -11.7%
Oct 02 22:43  0xd523ad9c   3 [0, 0, 0, 0]                0    0    0    0        -10.0%
Oct 02 22:43  0x7f70bcbb   7 [0, 0, 0, 0, 0, 0, 0, 0]    0    0    0    0        -11.7%
Oct 02 22:48  0x797d2b12   4 [0, 0, 0, 0, 0]             0    0    0    0         -5.8%
Oct 02 22:49  0x3afc08e3   8 [0, 0, 0, 0, 0, 0, 0, 1, 1]    1    0    0    0         -7.2%
Oct 02 22:51  0x2f5a89d8   6 [0, 0, 1, 1, 1, 1, 1]       1    1    1    1        +19.5%
Oct 02 22:53  0xbbd818fb   7 [0, 0, 0, 0, 0, 0, 0, 0]    0    0    0    0        -11.7%
Oct 02 22:56  0x98cbf7e5   7 [0, 0, 0, 0, 0, 0, 0, 0]    0    0    0    0        -11.7%
Oct 02 23:03  0x7acc722d   7 [0, 0, 0, 0, 0, 0, 0, 0]    0    0    0    0        -11.4%

k-1                   25 fires  mean  -1.0%  median  -8.3%  win 24%  dead  0%  $-11.39 total at $13 after gas
tick's shot (0.76)    17 fires  mean  +1.5%  median  -7.9%  win 29%  dead  0%  $-2.34 total at $13 after gas
k-2                   12 fires  mean  +2.3%  median  -7.9%  win 33%  dead  0%  $-0.42 total at $13 after gas
ENGINE (k-2 after registration)  11 fires  mean  +3.4%  median  -7.8%  win 36%  dead  0%  $+1.30 total at $13 after gas
refused (k-1 < 2)     49        mean  -9.1%  median -11.5%  win  4%
