49 qualifying launches scored, Sep 27 22:45 - Sep 28 21:04 UTC
when          launch       k fleets by block           k-1 tick  k-2  eng   behind1 h11
Sep 27 22:45  0x9c3bb920   7 [0, 0, 0, 0, 0, 0, 0, 1]    0    0    0    0         -8.1%
Sep 27 22:52  0x57f15d1b   7 [0, 0, 0, 0, 0, 0, 1, 1]    1    0    0    0         -8.1%
Sep 27 22:57  0x24dca850   7 [0, 0, 0, 0, 0, 0, 0, 1]    0    0    0    0         -8.1%
Sep 27 23:05  0x0460c44e   6 [0, 0, 0, 0, 0, 0, 0]       0    0    0    0         -8.1%
Sep 27 23:09  0x5e38e19c   7 [0, 0, 0, 0, 0, 0, 0, 1]    0    0    0    0         -0.7%
Sep 27 23:10  0x48875ba7   7 [0, 0, 0, 0, 0, 0, 1, 1]    1    0    0    0         -8.1%
Sep 27 23:24  0x3e1f2943   7 [0, 0, 0, 0, 0, 0, 1, 1]    1    0    0    0         +5.2%
Sep 27 23:54  0xeef4c5c4   7 [0, 0, 0, 0, 0, 0, 1, 1]    1    0    0    0        +10.0%
Sep 28 00:02  0xbba2ae72   7 [0, 0, 0, 0, 0, 0, 0, 1]    0    0    0    0         -5.3%
Sep 28 10:21  0xfecada34   4 [0, 0, 0, 1, 2]             1    0    0    0         -7.3%
Sep 28 10:29  0x508d50c8   2 [0, 2, 2]                   2    2    0    0         -7.3%
Sep 28 10:39  0xde8c52a3   6 [0, 0, 0, 0, 0, 0, 1]       0    0    0    0         -7.6%
Sep 28 11:22  0x0c856a8b   8 [0, 0, 0, 0, 0, 0, 0, 1, 2]    1    0    0    0         -4.2%
Sep 28 14:30  0xd7404c79   6 [0, 0, 0, 0, 0, 0, 1]       0    0    0    0         -5.8%
Sep 28 14:50  0xe99279c2   8 [0, 0, 0, 0, 0, 0, 0, 0, 0]    0    0    0    0         -7.6%
Sep 28 14:59  0xd80dfbea   5 [0, 0, 0, 0, 0, 0]          0    0    0    0         -8.0%
Sep 28 15:09  0x8881dc7e   9 [0, 0, 0, 0, 0, 0, 0, 0, 0, 1]    0    0    0    0         -7.6%
Sep 28 15:15  0xa79768ae   7 [0, 0, 0, 0, 0, 0, 1, 1]    1    0    0    0         -7.6%
Sep 28 15:25  0xe5e960a4   4 [0, 0, 0, 1, 1]             1    0    0    0         -8.0%
Sep 28 15:31  0x1e4a544c   3 [0, 0, 1, 1]                1    1    0    0         -7.6%
Sep 28 15:40  0xf6b8bd44   4 [0, 0, 0, 1, 1]             1    0    0    0         -8.0%
Sep 28 15:48  0x2cbfafbb   2 [0, 0, 1]                   0    0    0    0         -8.0%
Sep 28 17:16  0x2ad5b742   3 [0, 0, 0, 0]                0    0    0    0         -8.1%
Sep 28 17:22  0x22307913   3 [0, 0, 0, 1]                0    0    0    0         -9.3%
Sep 28 17:32  0x02388ba2   3 [0, 0, 0, 0]                0    0    0    0         -8.1%
Sep 28 17:43  0x834d4dff   3 [0, 0, 0, 0]                0    0    0    0         -8.1%
Sep 28 17:50  0x755dc051   8 [0, 0, 0, 0, 0, 0, 0, 0, 1]    0    0    0    0         -7.3%
Sep 28 17:58  0x2754d491   2 [0, 0, 0]                   0    0    0    0         -8.0%
Sep 28 18:04  0xe13d11a0   2 [0, 0, 0]                   0    0    0    0         -8.0%
Sep 28 18:15  0x4589beba   7 [0, 0, 0, 0, 0, 0, 1, 1]    1    0    0    0         -7.9%
Sep 28 18:17  0xc6a7c282   2 [0, 0, 3]                   0    0    0    0         -5.0%
Sep 28 18:25  0xd16a54d4   7 [0, 0, 0, 0, 0, 0, 1, 1]    1    0    0    0         -3.3%
Sep 28 18:28  0x1ca8a523   6 [0, 0, 0, 0, 0, 0, 1]       0    0    0    0         -4.0%
Sep 28 18:48  0xdc2aea79   7 [0, 0, 0, 0, 0, 0, 0, 0]    0    0    0    0         -7.6%
Sep 28 18:49  0xe8e303f6   9 [0, 0, 0, 0, 0, 0, 0, 0, 0, 1]    0    0    0    0         -8.0%
Sep 28 18:56  0x710f988d   7 [0, 0, 1, 1, 1, 1, 1, 2]    1    1    1    1         -0.1%
Sep 28 19:22  0x3a8a78ea   6 [0, 0, 0, 0, 0, 1, 2]       1    0    0    0         +6.3%
Sep 28 19:30  0x35f64e0a   7 [0, 0, 0, 0, 0, 0, 1, 1]    1    0    0    0         -6.0%
Sep 28 19:33  0x6e37e237   6 [0, 0, 0, 0, 0, 0, 0]       0    0    0    0         +1.5%
Sep 28 19:34  0x4d1d6eaf   7 [0, 0, 0, 0, 0, 0, 0, 0]    0    0    0    0         -8.1%
Sep 28 19:57  0xb3324552   7 [0, 0, 0, 0, 0, 0, 2, 3]    2    0    0    0         -7.7%
Sep 28 20:19  0x70bedf10   5 [0, 0, 1, 1, 1, 1]          1    1    1    0         -8.1%
Sep 28 20:20  0xb9d3f47c   5 [0, 0, 0, 0, 0, 0]          0    0    0    0         -8.0%
Sep 28 20:21  0xb8abcefc   4 [0, 0, 0, 0, 0]             0    0    0    0         -8.1%
Sep 28 20:41  0x020dc0bb   7 [0, 0, 0, 0, 0, 0, 2, 2]    2    0    0    0         -8.0%
Sep 28 20:46  0x67fc51c7   6 [0, 0, 0, 0, 0, 0, 1]       0    0    0    0         +1.2%
Sep 28 20:52  0x66fd43eb   7 [0, 0, 0, 0, 0, 0, 1, 1]    1    0    0    0         -8.0%
Sep 28 21:03  0xaf3ffbd6   7 [0, 0, 0, 0, 0, 0, 0, 1]    0    0    0    0         -8.1%
Sep 28 21:04  0x502f1cb1   5 [0, 0, 0, 0, 0, 0]          0    0    0    0         -8.1%

k-1                    3 fires  mean  -7.7%  median  -7.7%  win  0%  dead  0%  $-3.98 total at $13 after gas
tick's shot (0.76)     1 fires  mean  -7.3%  median  -7.3%  win  0%  dead  0%  $-1.28 total at $13 after gas
k-2                  0 fires
ENGINE (k-2 after registration) 0 fires
refused (k-1 < 2)     46        mean  -5.8%  median  -7.9%  win 11%
