34 qualifying launches scored, Oct 01 22:19 - Oct 02 21:23 UTC
when          launch       k fleets by block           k-1 tick  k-2  eng   behind1 h11
Oct 01 22:19  0xbd17be46   7 [0, 0, 0, 0, 1, 1, 1, 2]    1    1    1    1         -2.5%
Oct 01 22:29  0x7be02db4   7 [0, 0, 0, 0, 0, 1, 2, 3]    2    1    1    1         -0.7%
Oct 01 22:38  0x60178eff   6 [0, 1, 1, 1, 1, 2, 2]       2    1    1    1         -0.0%
Oct 02 09:56  0x2275da7f   8 [0, 0, 0, 0, 0, 0, 0, 0, 0]    0    0    0    0         -8.1%
Oct 02 14:45  0xfa5428a2   8 [0, 0, 0, 0, 0, 0, 0, 0, 0]    0    0    0    0         -7.3%
Oct 02 15:44  0xff1e1a77   7 [0, 0, 0, 0, 0, 0, 0, 0]    0    0    0    0        +15.6%
Oct 02 16:35  0x071a074f   7 [0, 0, 0, 0, 1, 1, 2, 2]    2    1    1    1         -2.2%
Oct 02 17:20  0xe2a6785f   8 [0, 0, 0, 0, 0, 0, 1, 2, 2]    2    0    1    1         -8.1%
Oct 02 17:25  0x71e50005   7 [0, 0, 0, 0, 1, 1, 2, 2]    2    1    1    1         -4.6%
Oct 02 17:25  0x0e167792   8 [0, 0, 0, 0, 0, 0, 0, 1, 2]    1    0    0    0         -8.1%
Oct 02 17:25  0x3d59ebdf   6 [0, 0, 0, 0, 0, 1, 2]       1    0    0    0         +9.7%
Oct 02 17:32  0xf0167d56   7 [0, 0, 0, 0, 1, 1, 2, 2]    2    1    1    1         -8.1%
Oct 02 17:32  0xd80b91fd   8 [0, 0, 0, 0, 1, 1, 1, 2, 2]    2    1    1    1         -8.1%
Oct 02 17:42  0x7f30b9c2   8 [0, 0, 0, 0, 1, 1, 1, 2, 2]    2    1    1    1         +4.4%
Oct 02 17:45  0xa1bcca56   6 [0, 0, 0, 0, 1, 2, 2]       2    1    1    1         -3.4%
Oct 02 17:48  0x1aeb2fad   8 [0, 0, 0, 0, 0, 1, 1, 2, 2]    2    1    1    1         -8.1%
Oct 02 17:49  0x9f96985e   8 [0, 0, 0, 0, 0, 0, 0, 1, 1]    1    0    0    0         -8.1%
Oct 02 17:49  0x6a453f84   8 [0, 0, 0, 0, 0, 0, 0, 1, 1]    1    0    0    0        +12.5%
Oct 02 17:54  0xf5900418   8 [0, 0, 0, 0, 1, 1, 1, 1, 1]    1    1    1    1         +4.5%
Oct 02 17:59  0x4dec2f25   8 [0, 0, 0, 0, 0, 0, 1, 1, 1]    1    0    1    1         -2.6%
Oct 02 18:04  0x2520e9ed   7 [0, 0, 0, 0, 0, 1, 2, 2]    2    1    1    1         -3.4%
Oct 02 18:04  0x9f3872e9   8 [0, 0, 0, 0, 0, 0, 1, 2, 2]    2    0    1    1         -8.1%
Oct 02 18:06  0xae64ae03   8 [0, 0, 0, 0, 0, 0, 0, 0, 0]    0    0    0    0         -5.7%
Oct 02 18:06  0x037a77aa   8 [0, 0, 0, 0, 0, 0, 0, 1, 1]    1    0    0    0         -8.1%
Oct 02 18:08  0x27e071fe   8 [0, 0, 0, 0, 0, 1, 1, 2, 2]    2    1    1    1         -8.1%
Oct 02 18:14  0x0793e440   7 [0, 0, 0, 0, 0, 1, 2, 2]    2    1    1    1         -8.1%
Oct 02 18:15  0x9028fcb1   7 [0, 0, 0, 0, 1, 1, 2, 2]    2    1    1    1         -1.4%
Oct 02 18:30  0x859dea83   6 [0, 0, 0, 0, 1, 1, 2]       1    1    1    1         +1.8%
Oct 02 18:43  0x19ab22a1   7 [0, 0, 0, 0, 0, 1, 1, 2]    1    1    1    1         -8.0%
Oct 02 18:48  0xdedd30d0   8 [0, 0, 0, 0, 0, 1, 1, 2, 2]    2    1    1    1         +5.2%
Oct 02 18:52  0xa3261e9d   7 [0, 0, 0, 0, 0, 0, 1, 1]    1    0    0    0         -3.3%
Oct 02 18:59  0x1c48f3cd   8 [0, 0, 0, 0, 0, 1, 1, 2, 2]    2    1    1    1         -8.1%
Oct 02 19:02  0xa12bbc16   8 [0, 0, 0, 0, 0, 0, 0, 1, 1]    1    0    0    0        +52.9%
Oct 02 21:23  0xb1ff5edd   0 [0]                         0    0    0    0         -8.1%

k-1                   17 fires  mean  -4.2%  median  -4.6%  win 12%  dead  0%  $-14.85 total at $13 after gas
tick's shot (0.76)   0 fires
k-2                  0 fires
ENGINE (k-2 after registration) 0 fires
refused (k-1 < 2)     17        mean  +1.6%  median  -3.3%  win 35%
