view    slip    fit $ fills   read $ fills  Sep 28 $ fills
k2      0.07   +44.04     9    -0.19     9     -2.53     1
k2      0.10   +44.04     9   +38.06    15    +14.78     4
k2      0.15   +90.85    19   +43.95    19    +14.78     4
k2      0.20  +104.08    22   +52.05    21    +14.78     4
k2      0.25  +111.02    24   +54.33    22    +17.06     5
k2      0.30  +121.93    27   +54.33    22    +17.06     5
k1reg   0.07   +82.63    37   +12.18    35     -4.32     5
k1reg   0.10   +89.65    41   +48.81    44    +12.99     8
k1reg   0.15  +136.06    66   +75.80    54    +16.99     9
k1reg   0.20  +141.05    71   +84.64    57    +16.99     9
k1reg   0.25  +148.20    74   +85.61    59    +19.28    10
k1reg   0.30  +157.60    78   +85.61    59    +19.28    10
kreg    0.07   +75.36    56    +8.80    51     +0.66     8
kreg    0.10   +84.87    64   +35.34    62     +9.32    12
kreg    0.15  +115.47   101   +66.51    78    +17.22    14
kreg    0.20  +120.33   107   +75.36    81    +17.22    14
kreg    0.25  +127.48   110   +76.33    83    +19.51    15
kreg    0.30  +126.42   118   +76.33    83    +19.51    15
